Salt Lake City,		UT	     24127	1965/1--1990/12

1965/1
  1 15  2 26  3 28  4 24  5 26  6 35  7 36  8 17  9  7 10 10 11 10 12  8 13 11
 14 10 15  7 16  7 17  5 18  9 19  9 20  8 21  9 22 11 23 24 24 26 25 20 26 19
 27 19 28 17 29 13 30 14 31 26
1965/2
  1  9  2 11  3  9  4 17  5 23  6 19  7 18  8 17  9 27 10 26 11 11 12 16 13 22
 14 24 15 11 16 14 17  9 18  9 19 10 20 12 21 22 22 26 23 17 24 12 25 10 26 15
 27 34 28 30
1965/3
  1 18  2 13  3 11  4 11  5 13  6 23  7 13  8 10  9 19 10  9 11 10 12 14 13 14
 14 14 15 12 16 24 17 21 18 14 19 12 20 18 21 15 22 17 23 18 24 18 25 18 26 24
 27 18 28 13 29 17 30 23 31 21
1965/4
  1 34  2 31  3 16  4 28  5 21  6 26  7 31  8 28  9 29 10 20 11 16 12 27 13 28
 14 14 15 21 16 26 17 21 18 13 19 15 20 20 21 17 22 31 23 14 24 21 25 20 26 26
 27 16 28 17 29 24 30 27
1965/5
  1 24  2 23  3 14  4 18  5 26  6 12  7 15  8 19  9 17 10 18 11 11 12 16 13 16
 14 20 15 12 16 25 17 16 18 14 19 16 20 25 21 29 22 28 23 23 24 27 25 30 26 16
 27 14 28 11 29 11 30 25 31 34
1965/6
  1 27  2 24  3 17  4 17  5 14  6 30  7 17  8 18  9 23 10 18 11 12 12 24 13 14
 14 23 15 20 16 30 17 22 18 17 19 14 20 12 21 13 22 21 23 33 24 18 25 34 26 20
 27 12 28 12 29 14 30 25
1965/7
  1 18  2 13  3 11  4 28  5 13  6 13  7 27  8 20  9 22 10 30 11 25 12 13 13 13
 14 12 15 19 16 22 17 22 18 13 19 36 20 20 21 26 22 17 23 14 24 24 25 13 26 25
 27 14 28 15 29 23 30 15 31 19
1965/8
  1 19  2 15  3 37  4 13  5 12  6 12  7 10  8 23  9 34 10 28 11 21 12 24 13 13
 14 14 15 20 16 12 17 18 18 17 19 17 20 27 21 25 22 15 23 12 24 11 25 19 26 10
 27 17 28 17 29 14 30 10 31  9
1965/9
  1 16  2 28  3 19  4 12  5 27  6 36  7 22  8 17  9 13 10 24 11 21 12 17 13 24
 14 15 15 22 16 18 17 11 18  9 19 11 20 12 21 17 22 13 23  8 24  8 25 12 26 19
 27 27 28 20 29 15 30 12
1965/10
  1 12  2 11  3 13  4 12  5 23  6  9  7  8  8 10  9 13 10 11 11 10 12 11 13 12
 14 26 15 26 16 19 17 12 18 11 19 11 20  9 21  8 22  8 23  7 24  8 25  8 26  9
 27  8 28 11 29  9 30 11 31  7
1965/11
  1 12  2 15  3 14  4 19  5 11  6 17  7 13  8 17  9  8 10  9 11 13 12 10 13 10
 14 35 15 19 16 14 17 17 18 22 19 17 20  9 21 10 22 23 23 28 24 29 25 20 26 17
 27 21 28 10 29  9 30  6
1965/12
  1  7  2  9  3  7  4 11  5  7  6  6  7  5  8  6  9  8 10  8 11  8 12 13 13 12
 14  9 15  8 16  8 17  9 18  6 19  7 20  6 21  7 22 12 23 10 24 26 25 34 26 10
 27 10 28 32 29 34 30 26 31 26
1966/1
  1 12  2 19  3 26  4 25  5 17  6 14  7 12  8 24  9  8 10  8 11 13 12 11 13 14
 14 19 15 14 16  9 17 10 18  8 19 11 20 13 21 12 22  9 23  9 24 17 25 11 26 23
 27  8 28 11 29 14 30 22 31 15
1966/2
  1  9  2 11  3 13  4 12  5 11  6 20  7 18  8 17  9 15 10 15 11 17 12 19 13 12
 14 26 15 18 16 17 17 16 18 17 19 23 20 16 21 13 22 12 23 17 24 19 25 18 26 15
 27 11 28 20
1966/3
  1 17  2 18  3 17  4 12  5 11  6  9  7 19  8 10  9 14 10 41 11 10 12 12 13 24
 14 18 15 26 16 26 17 18 18 11 19 30 20 18 21 41 22 11 23  8 24 12 25 13 26 14
 27 12 28 13 29 17 30 11 31 12
1966/4
  1 16  2 25  3 21  4 18  5 13  6 13  7 17  8 14  9 30 10 26 11 17 12 18 13 17
 14 10 15 12 16 28 17 34 18 23 19 20 20 17 21 15 22 17 23 13 24 11 25 22 26 34
 27 21 28 14 29 16 30  9
1966/5
  1 10  2 13  3 20  4 17  5 22  6 28  7 14  8 24  9 32 10 25 11 22 12 13 13 21
 14 24 15 13 16 17 17 18 18 13 19 14 20 12 21 33 22 32 23 13 24 11 25 13 26 11
 27 25 28 29 29 19 30 31 31 34
1966/6
  1 24  2 31  3 22  4 35  5 12  6 22  7 31  8 13  9 17 10 23 11 22 12 16 13 15
 14 17 15 12 16 33 17 18 18 27 19 21 20 23 21 29 22 33 23 18 24 25 25 17 26 15
 27 17 28 23 29 25 30 33
1966/7
  1 25  2 37  3 15  4 16  5 12  6 21  7 26  8 24  9 28 10 16 11 17 12 19 13 22
 14 23 15 20 16 28 17 22 18 35 19 28 20 29 21 25 22 29 23 30 24 38 25 32 26 19
 27 17 28 11 29 12 30 19 31 20
1966/8
  1 12  2 20  3 23  4 35  5 34  6 13  7 14  8 12  9 18 10 16 11 42 12 12 13 14
 14 12 15 12 16 15 17 17 18 29 19 31 20 22 21  8 22 14 23 13 24 12 25 14 26 35
 27 12 28 15 29 31 30 30 31 25
1966/9
  1 15  2 14  3 10  4 10  5 13  6 25  7 18  8 24  9 20 10 40 11 27 12 27 13 30
 14 32 15 17 16 10 17 10 18 20 19 18 20 12 21 10 22 10 23 15 24 34 25 21 26 27
 27 15 28 10 29 10 30 21
1966/10
  1 18  2 23  3 13  4  9  5  8  6 21  7 13  8 14  9 10 10 11 11 20 12 30 13 32
 14  9 15 10 16 11 17 14 18 12 19 14 20 23 21 32 22 14 23 14 24 10 25 11 26 11
 27  8 28  9 29  9 30  9 31 14
1966/11
  1 10  2 12  3  7  4 11  5 36  6 39  7 25  8 20  9 10 10 13 11 25 12 20 13 22
 14 22 15 22 16 26 17  8 18 10 19 19 20 35 21 29 22 14 23 10 24 11 25 12 26 10
 27 12 28 16 29  9 30  9
1966/12
  1 18  2 29  3 37  4 23  5 36  6 26  7 12  8 27  9 14 10 13 11  8 12 11 13 11
 14 15 15  7 16  8 17  6 18  7 19  7 20  6 21 11 22  7 23 11 24  7 25  9 26 16
 27 20 28 10 29 19 30 10 31 15
1967/1
  1 22  2 17  3 16  4 13  5 42  6 21  7  9  8 13  9 12 10 11 11 15 12 12 13 17
 14 13 15 14 16 14 17 13 18 18 19 27 20 29 21 33 22 40 23 12 24 22 25  9 26 23
 27 14 28 13 29 17 30 17 31 33
1967/2
  1  9  2 11  3 12  4 13  5 23  6 18  7 13  8 12  9 11 10 35 11 20 12 13 13 24
 14 30 15 22 16 22 17 23 18 32 19 16 20  9 21 22 22 16 23 14 24 23 25 29 26 15
 27 11 28 14
1967/3
  1 26  2 16  3 13  4 17  5 26  6 30  7 34  8 19  9 30 10 38 11 45 12 32 13 36
 14 14 15 18 16 22 17 13 18 24 19 17 20 13 21 10 22 22 23 26 24 20 25 10 26 17
 27 12 28 41 29 41 30 14 31 21
1967/4
  1 23  2  9  3 14  4 34  5 47  6 17  7 35  8 16  9  9 10 24 11 31 12 14 13 15
 14 28 15 39 16 14 17 24 18 33 19 34 20 16 21 18 22 20 23 20 24 17 25 21 26 23
 27 26 28 31 29 25 30 26
1967/5
  1 15  2 10  3 20  4 28  5 16  6 14  7 14  8 11  9 39 10 43 11 19 12 27 13 26
 14 11 15 12 16 12 17 10 18 12 19 15 20 13 21  8 22 10 23 16 24 27 25 13 26 20
 27 26 28 25 29 11 30 28 31 21
1967/6
  1 18  2 18  3 17  4 20  5 27  6 26  7 20  8 20  9 31 10 17 11 19 12 29 13 21
 14 13 15 12 16 22 17  9 18  8 19 28 20 13 21 37 22 21 23 18 24  8 25 10 26 19
 27 28 28 13 29 11 30 11
1967/7
  1 11  2 12  3 27  4  9  5 15  6 16  7 10  8 33  9 23 10 14 11 13 12 17 13 13
 14 15 15 13 16 40 17 16 18  9 19 28 20 12 21 13 22 14 23 26 24 18 25 23 26 14
 27 12 28  9 29 12 30 23 31 25
1967/8
  1 27  2 13  3 11  4 33  5 22  6 29  7 24  8 13  9 12 10 13 11 12 12 10 13 15
 14 14 15 11 16 11 17 17 18 11 19 12 20 21 21 19 22 13 23 11 24 15 25 12 26 26
 27 26 28 18 29 28 30 17 31 16
1967/9
  1 19  2 17  3 15  4  9  5 27  6  9  7 12  8 21  9 15 10 29 11 34 12 18 13 14
 14 14 15 13 16 14 17 17 18 14 19 12 20 11 21 18 22 16 23 13 24 19 25 10 26 12
 27 15 28 13 29 18 30 29
1967/10
  1 27  2 33  3 35  4 14  5 41  6 10  7  9  8  8  9  9 10 10 11 22 12 17 13 18
 14 18 15 13 16 10 17 10 18 10 19  9 20 10 21 30 22 10 23 23 24  9 25 11 26 11
 27  9 28 32 29 14 30 10 31 13
1967/11
  1 20  2 24  3 13  4  8  5  8  6  8  7 10  8 15  9 14 10 11 11 19 12 19 13  9
 14 14 15 11 16 11 17  7 18 17 19 27 20 12 21 13 22 15 23 26 24 22 25 14 26 12
 27 10 28 17 29 30 30 34
1967/12
  1 10  2 17  3 20  4 21  5 31  6 11  7 24  8 20  9  8 10 11 11 24 12 23 13 21
 14 17 15  9 16 24 17 21 18 40 19 20 20 14 21 15 22 17 23 11 24 12 25 11 26 11
 27 16 28 11 29 11 30 17 31 18
1968/1
  1 29  2 12  3 11  4 15  5 13  6  9  7 14  8  9  9 21 10 32 11 13 12 10 13  7
 14 11 15  7 16  9 17 10 18 11 19  8 20  7 21  7 22  9 23  6 24  6 25  8 26 25
 27 29 28 32 29 26 30 29 31 20
1968/2
  1 16  2 20  3 24  4 10  5 10  6  7  7 12  8  9  9 11 10  9 11 10 12 15 13 17
 14 10 15 11 16 12 17 12 18 13 19 14 20 21 21 22 22 15 23 13 24 13 25 10 26 16
 27 17 28 13 29 11
1968/3
  1 11  2 10  3 14  4 11  5 25  6 19  7 18  8 21  9 21 10 27 11 11 12 34 13 32
 14 15 15 13 16 28 17 29 18 19 19 13 20 14 21 10 22 11 23 17 24 16 25 40 26 17
 27 10 28 17 29 15 30 18 31 18
1968/4
  1 32  2 22  3 18  4 15  5 21  6 26  7 27  8 10  9 11 10 11 11 25 12 28 13 22
 14 18 15 23 16 22 17 22 18 16 19 17 20 14 21 19 22 19 23 10 24 16 25 25 26 19
 27 22 28 10 29 13 30 20
1968/5
  1 17  2 12  3 11  4 19  5 54  6 23  7 11  8 11  9 17 10 21 11 23 12 37 13 37
 14 25 15 27 16 16 17 12 18 12 19 12 20 17 21 42 22 24 23 15 24 15 25 19 26 17
 27 11 28 34 29 24 30 20 31 12
1968/6
  1 13  2 11  3 26  4 22  5 24  6 30  7 17  8 15  9 11 10 13 11 20 12 26 13 25
 14 12 15 15 16 10 17 12 18 14 19 21 20 22 21 12 22 12 23 30 24 17 25 12 26 13
 27 24 28 17 29 28 30 14
1968/7
  1 14  2 10  3 20  4 25  5 20  6 20  7 18  8 14  9 24 10 26 11 11 12 11 13 14
 14 26 15 26 16 26 17 16 18 12 19 25 20 24 21 34 22 40 23 19 24 13 25 16 26 17
 27 23 28 17 29 15 30 19 31 16
1968/8
  1 26  2 13  3 37  4 17  5 26  6 16  7 34  8 19  9 14 10 11 11 11 12 24 13 36
 14 24 15 17 16 12 17 36 18 17 19 28 20 34 21 22 22 21 23 17 24 14 25 22 26 18
 27 26 28 17 29 16 30 12 31 11
1968/9
  1 14  2 17  3 14  4 12  5  8  6 12  7 14  8  9  9 10 10 26 11 35 12 25 13 30
 14 38 15 22 16 12 17 11 18 23 19 30 20 25 21 14 22 14 23 12 24 10 25 11 26 12
 27 13 28 23 29 24 30 16
1968/10
  1 10  2 14  3 13  4 22  5 13  6 17  7 23  8 17  9 12 10 22 11 26 12 33 13 29
 14 34 15 20 16 22 17 10 18 11 19  9 20 16 21 10 22 10 23 10 24 10 25 12 26 14
 27 10 28  9 29 23 30 20 31 10
1968/11
  1 11  2 13  3 27  4 12  5 14  6 21  7 12  8 12  9 27 10 18 11 24 12 26 13 13
 14  9 15 26 16 10 17  9 18 12 19 10 20 10 21  9 22 16 23 12 24 38 25 14 26  7
 27 10 28  9 29 17 30 25
1968/12
  1  7  2 12  3 22  4 18  5 12  6  8  7 12  8 10  9 12 10 33 11 41 12 16 13 13
 14 24 15 21 16 21 17 17 18 22 19 22 20 16 21  9 22 14 23 12 24 33 25 20 26 22
 27 22 28 29 29 17 30 17 31 11
1969/1
  1 10  2  8  3  7  4 13  5 10  6  7  7 34  8 28  9 17 10  9 11 28 12 32 13 25
 14 25 15 24 16 22 17 15 18 24 19 38 20 32 21 34 22 32 23 23 24 18 25 26 26 42
 27 14 28 23 29 34 30 23 31 20
1969/2
  1 30  2 13  3 13  4 10  5 24  6 25  7 11  8 16  9 17 10 13 11 10 12 19 13 21
 14 11 15 17 16 10 17 11 18 10 19 17 20 12 21 21 22 23 23 32 24 30 25 27 26 10
 27 12 28 12
1969/3
  1 15  2  8  3 13  4 28  5 10  6 21  7 14  8 11  9 15 10 23 11 12 12 20 13 19
 14 17 15 13 16 12 17 15 18 35 19 18 20 15 21 15 22 17 23 44 24 17 25 12 26 11
 27 13 28 15 29 14 30 16 31 26
1969/4
  1 17  2 24  3 25  4 17  5 27  6 34  7 22  8 11  9 10 10 13 11 18 12 12 13 25
 14 19 15 24 16 23 17 12 18 26 19 16 20 12 21 16 22 42 23 43 24 27 25 19 26 23
 27 14 28 11 29 32 30 13
1969/5
  1 17  2 19  3 15  4 21  5 27  6 27  7 29  8 13  9 15 10 15 11 14 12 27 13 15
 14 27 15 23 16 10 17 12 18 25 19 17 20 16 21 13 22 17 23 28 24 13 25 26 26 26
 27 28 28 14 29 11 30 16 31 18
1969/6
  1 15  2 12  3 13  4 14  5 32  6 18  7 35  8 23  9 26 10 33 11 16 12 21 13 14
 14 17 15 28 16 23 17 20 18  9 19 26 20 24 21 24 22 22 23 12 24 29 25 31 26 17
 27 24 28 29 29 13 30 15
1969/7
  1 15  2 22  3 19  4 12  5 14  6 43  7 11  8 16  9 13 10 12 11 17 12 17 13 33
 14 24 15 20 16 15 17 12 18 30 19 18 20 14 21 21 22 12 23 11 24 14 25 22 26 11
 27 16 28 26 29 34 30 13 31 14
1969/8
  1 11  2 37  3 32  4 19  5 14  6 11  7 17  8 13  9 11 10 19 11 45 12 22 13 10
 14 12 15 23 16 27 17 31 18 16 19 18 20 18 21 15 22 17 23 14 24 20 25 17 26 18
 27 12 28 40 29 25 30 13 31 12
1969/9
  1 10  2 18  3 29  4 13  5 15  6 11  7 12  8 22  9 23 10 26 11 18 12 12 13 25
 14 22 15 26 16 17 17 13 18 25 19 27 20 29 21 15 22 13 23 20 24 17 25 12 26 11
 27 24 28 19 29 31 30 18
1969/10
  1 12  2 27  3 23  4 16  5 11  6 11  7 10  8 31  9 12 10 18 11 20 12 17 13 16
 14 16 15 14 16 25 17 21 18 18 19 15 20 10 21 13 22 11 23 16 24 23 25 17 26 10
 27 20 28 32 29 11 30 11 31 10
1969/11
  1 14  2  9  3 10  4 23  5 29  6 27  7 31  8 15  9  9 10 11 11  8 12 12 13 13
 14  7 15 18 16 24 17 26 18  9 19 10 20 10 21  8 22  9 23 10 24  7 25  8 26 10
 27  6 28 11 29  8 30  7
1969/12
  1  8  2  9  3  9  4 12  5 13  6 11  7 10  8 17  9 10 10 17 11 17 12 12 13 11
 14  8 15 10 16  8 17 11 18  7 19 13 20 11 21 35 22 33 23 17 24  7 25 11 26 14
 27 16 28 13 29 10 30  9 31 14
1970/1
  1 13  2 12  3 20  4 11  5  9  6  9  7  9  8 12  9 17 10 23 11 15 12 18 13 19
 14 18 15 15 16 34 17 14 18 12 19 23 20 17 21 20 22 13 23 24 24 33 25 11 26 18
 27 34 28 29 29 16 30 12 31 12
1970/2
  1 24  2 16  3 22  4 12  5 16  6 11  7 12  8 10  9 10 10  9 11 13 12 28 13 23
 14 13 15 18 16 32 17 37 18 19 19 13 20 10 21 11 22 13 23 14 24 11 25  9 26 12
 27 15 28 32
1970/3
  1 29  2 19  3 11  4 20  5 17  6 10  7 15  8 27  9 13 10 16 11 13 12 18 13 15
 14 25 15 19 16 20 17 32 18 18 19 11 20 10 21 25 22 13 23 14 24 34 25 18 26 19
 27 19 28 26 29 17 30 20 31 20
1970/4
  1 16  2 21  3 20  4 13  5 16  6 21  7 24  8 10  9 13 10 28 11 32 12 16 13 42
 14 25 15 19 16 13 17 17 18 19 19 27 20 30 21 25 22 18 23 17 24 23 25 14 26 28
 27 11 28 17 29 19 30 16
1970/5
  1 13  2 11  3 11  4 11  5 26  6 26  7 22  8 15  9 21 10 30 11 13 12 19 13 29
 14 17 15 11 16 11 17 21 18 25 19 34 20 33 21 18 22 11 23 46 24 19 25 12 26 21
 27 23 28 18 29 19 30 24 31 13
1970/6
  1 12  2 11  3 14  4 17  5 26  6 26  7 27  8 30  9 19 10 23 11 15 12 24 13 33
 14 14 15 11 16 19 17 25 18 16 19 14 20 12 21 16 22 30 23 14 24 15 25 14 26 28
 27 34 28 27 29 25 30 14
1970/7
  1 13  2 11  3  9  4 21  5 24  6 31  7 16  8 10  9 21 10 29 11 18 12 11 13 23
 14 13 15 10 16 26 17 27 18 18 19 23 20 30 21 31 22 28 23 14 24 18 25 25 26 16
 27 26 28 29 29 22 30 22 31 12
1970/8
  1 23  2 17  3 11  4 35  5 22  6 12  7 14  8 19  9 13 10 12 11 12 12 16 13 19
 14 13 15 14 16 17 17 18 18 17 19 17 20 26 21 15 22 10 23 11 24 12 25 30 26 25
 27 18 28 15 29 30 30 17 31 26
1970/9
  1 14  2 26  3 18  4 42  5 29  6 14  7 17  8 26  9 15 10 12 11 13 12 11 13 17
 14 14 15 14 16 11 17 11 18 21 19 30 20 17 21 22 22 10 23 15 24 22 25 11 26  9
 27 11 28 11 29 10 30 13
1970/10
  1 13  2  9  3 12  4 17  5 30  6 31  7 18  8 10  9 13 10 26 11 17 12 18 13 12
 14 18 15 10 16  9 17  8 18 13 19 17 20 36 21 10 22 22 23 20 24 23 25 10 26 21
 27 12 28 11 29  9 30  9 31 11
1970/11
  1 12  2 10  3 16  4 24  5 23  6 14  7 13  8 11  9 17 10 16 11 16 12 20 13 16
 14  7 15 11 16  8 17  9 18 24 19 13 20 21 21 29 22  6 23 10 24 28 25 29 26 28
 27 21 28 27 29 35 30 35
1970/12
  1 32  2 35  3 24  4 26  5 14  6 12  7 16  8 24  9 26 10  9 11 14 12  9 13  8
 14 14 15 21 16 37 17  7 18 19 19 11 20 17 21 24 22 19 23 10 24  8 25 10 26  8
 27  8 28 15 29 30 30 17 31 16
1971/1
  1 14  2 37  3 27  4 11  5 10  6 13  7 15  8 16  9 17 10 40 11 32 12 33 13 30
 14 31 15 19 16  9 17 16 18 10 19 15 20  9 21 14 22 12 23 13 24 14 25 11 26 11
 27 11 28 10 29 10 30 12 31 13
1971/2
  1  8  2 25  3 21  4 26  5 17  6 13  7  8  8 12  9 13 10 21 11 14 12 10 13 12
 14 12 15 25 16 12 17 17 18 12 19 18 20 30 21 15 22 17 23 10 24 41 25 41 26 28
 27 26 28 24
1971/3
  1 23  2 12  3 20  4 26  5 20  6 11  7 10  8 12  9 19 10 16 11 16 12 30 13 30
 14 21 15 24 16 16 17 29 18  9 19  7 20  9 21 13 22 15 23 26 24 22 25 10 26 32
 27 19 28 16 29 14 30 25 31 31
1971/4
  1 11  2 13  3 15  4 10  5 11  6 20  7 28  8 13  9 24 10 31 11 13 12 17 13 14
 14 24 15 20 16 25 17 34 18 19 19 24 20 26 21 25 22 19 23 23 24 22 25 22 26 24
 27 21 28 16 29 14 30 14
1971/5
  1 13  2 16  3 21  4 31  5 16  6 19  7 19  8 21  9 12 10 12 11 17 12 13 13 26
 14 12 15 12 16 25 17 20 18 16 19 19 20 19 21 40 22 17 23 14 24 11 25 21 26 25
 27 24 28 24 29 28 30 19 31 22
1971/6
  1 17  2 12  3 22  4 23  5 25  6 14  7 12  8 27  9 26 10 23 11 21 12 11 13 14
 14 13 15 14 16 16 17 13 18 27 19 14 20 17 21 12 22 17 23 25 24 20 25 20 26 33
 27 15 28 24 29 13 30 14
1971/7
  1 34  2 26  3 13  4 21  5 14  6 18  7 15  8 23  9 22 10 18 11 16 12 15 13 16
 14 12 15 12 16 13 17 17 18 23 19 17 20 26 21 17 22 22 23 14 24 12 25 13 26 14
 27 14 28 13 29 15 30 32 31 14
1971/8
  1 13  2 13  3 15  4 24  5 13  6 25  7 13  8 26  9 14 10 13 11 14 12 13 13 14
 14 35 15 15 16 12 17 19 18 10 19 11 20 20 21 16 22 17 23 17 24 11 25 12 26 12
 27 14 28 19 29 14 30 26 31 26
1971/9
  1 17  2 32  3 27  4 12  5 13  6 26  7 18  8 11  9 12 10 11 11 18 12 12 13 11
 14 21 15 14 16 18 17 31 18 18 19 12 20 18 21 17 22 11 23 10 24 24 25 38 26 20
 27 19 28 25 29 37 30 32
1971/10
  1 22  2  9  3 11  4 12  5  9  6  9  7 12  8 13  9 11 10 12 11 12 12 15 13 18
 14 18 15 19 16 24 17 14 18 17 19 22 20 24 21 11 22 11 23 31 24 27 25 13 26 15
 27 22 28 24 29 35 30 24 31 15
1971/11
  1 17  2 15  3  9  4  8  5 15  6 10  7 15  8 14  9 21 10 18 11 17 12 27 13 23
 14 20 15  9 16 19 17 17 18 11 19 11 20  9 21 10 22  9 23 12 24 17 25 16 26 21
 27 28 28 26 29 11 30  8
1971/12
  1 12  2 18  3 14  4 13  5 19  6 28  7 18  8 13  9 24 10 23 11 17 12 35 13 11
 14 23 15 18 16 11 17 13 18  9 19 10 20 13 21 33 22 33 23 31 24 22 25 29 26 33
 27 13 28 10 29 11 30 15 31 10
1972/1
  1 11  2 33  3 23  4 13  5 10  6 10  7 10  8 10  9 16 10 19 11 24 12 23 13 14
 14  9 15 12 16 12 17 14 18 17 19 23 20 17 21 23 22 17 23 34 24 20 25 30 26 18
 27 21 28 23 29 11 30 10 31 14
1972/2
  1 18  2 11  3  9  4  8  5 10  6  7  7 11  8 16  9 15 10  9 11 12 12 10 13 29
 14 12 15 12 16 13 17 12 18 15 19 13 20 16 21 12 22 26 23 17 24 29 25 12 26 17
 27 23 28 25 29 33
1972/3
  1 15  2 26  3 29  4 12  5 17  6 23  7 12  8 13  9 19 10 24 11 15 12 13 13 24
 14 18 15 12 16 10 17 11 18 34 19 25 20 10 21 21 22 34 23 24 24 20 25 30 26 21
 27 15 28 12 29 22 30 13 31 11
1972/4
  1 15  2 18  3 11  4 16  5 31  6 36  7 15  8 18  9 12 10 17 11 38 12 21 13 25
 14 21 15 15 16 32 17 23 18 20 19 12 20 13 21 21 22 13 23 12 24 32 25 28 26 15
 27  9 28 16 29 24 30 23
1972/5
  1 14  2 10  3 10  4 14  5 15  6 32  7 15  8 21  9 18 10 16 11 15 12 17 13 14
 14 12 15 17 16 20 17 29 18 20 19 20 20 35 21 17 22 13 23 10 24 15 25 17 26 14
 27 11 28 13 29 13 30 17 31 14
1972/6
  1 24  2 17  3 22  4 12  5 21  6 24  7 20  8 23  9 28 10 26 11 19 12 13 13 14
 14 14 15 19 16 37 17 37 18 29 19 14 20 14 21 24 22 31 23 28 24 22 25 17 26 15
 27 15 28 13 29 12 30 14
1972/7
  1 12  2 16  3 12  4 10  5 17  6 30  7 14  8 17  9 24 10 13 11 17 12 13 13 14
 14 14 15 14 16 17 17 17 18 18 19 26 20 31 21 17 22 14 23 16 24 32 25 22 26 28
 27 14 28 11 29 11 30 17 31 20
1972/8
  1 26  2 19  3 15  4 23  5 14  6 12  7 15  8 13  9 15 10 15 11 25 12 33 13 24
 14 35 15 23 16 15 17 18 18 28 19 28 20 20 21 20 22 11 23 19 24 14 25 25 26 18
 27 32 28 37 29 15 30 10 31 21
1972/9
  1 25  2 27  3 12  4 35  5 55  6 12  7 10  8 21  9 24 10 32 11 36 12 16 13 14
 14 12 15 11 16 16 17 20 18 33 19 19 20 10 21 15 22 20 23 26 24 18 25 12 26 22
 27 23 28 13 29 10 30 10
1972/10
  1 10  2 11  3 10  4 21  5 16  6 10  7  8  8 14  9 33 10 24 11 20 12 10 13 17
 14 35 15 20 16 22 17 16 18 11 19 14 20 17 21 12 22 11 23 31 24 20 25 10 26 14
 27  8 28 34 29 17 30 26 31 20
1972/11
  1 15  2 12  3 21  4 28  5 15  6 17  7 31  8 17  9 12 10 18 11 19 12 15 13 20
 14 26 15 13 16 19 17  7 18 13 19 17 20 18 21 12 22 10 23  9 24  9 25 14 26 29
 27 29 28 17 29 14 30 15
1972/12
  1 15  2 22  3 34  4 36  5 16  6 32  7 18  8 23  9 16 10  7 11  8 12 11 13  8
 14  8 15 10 16  8 17 15 18 10 19 14 20 14 21 21 22 30 23 11 24 20 25 10 26 15
 27 10 28 25 29 27 30 10 31 12
1973/1
  1  7  2 13  3 14  4 11  5 14  6  6  7 15  8  8  9  7 10  5 11 11 12 15 13 13
 14  7 15  9 16 27 17 21 18 28 19 27 20 25 21 11 22  9 23 13 24 13 25  9 26 12
 27  9 28 10 29  9 30 11 31  9
1973/2
  1 11  2  8  3  9  4 14  5  8  6 17  7  9  8  9  9 11 10 22 11 26 12 19 13 13
 14  8 15 10 16  8 17 15 18 10 19 11 20 13 21 10 22 10 23 10 24 22 25 17 26 18
 27 13 28 24
1973/3
  1 26  2 19  3 13  4 18  5 13  6 19  7 13  8 15  9 10 10 26 11 34 12 11 13 18
 14 18 15 10 16 12 17 31 18 14 19 14 20 25 21 28 22 19 23 17 24 17 25 14 26 13
 27 16 28 20 29 26 30 17 31 18
1973/4
  1 29  2 24  3 22  4 16  5 13  6 28  7 28  8 10  9 15 10 13 11 10 12 24 13 34
 14 29 15 13 16 16 17 23 18 25 19 25 20 24 21 14 22 13 23 13 24 14 25 17 26 13
 27 20 28 19 29 38 30 14
1973/5
  1 30  2 13  3 24  4 29  5 20  6 20  7 15  8 27  9 16 10 17 11 17 12 14 13 25
 14 25 15 15 16 13 17 12 18 31 19 20 20 27 21 12 22 13 23 15 24 33 25 26 26 17
 27 14 28 13 29 16 30 18 31 27
1973/6
  1 17  2 17  3 20  4 16  5 14  6 14  7 16  8 11  9 26 10 13 11 13 12 24 13 33
 14 34 15 21 16 25 17 34 18 19 19 12 20 13 21 14 22 19 23 26 24 15 25 14 26 12
 27 15 28 14 29 18 30 26
1973/7
  1 19  2 14  3 14  4 14  5 17  6 27  7 41  8 26  9 14 10 16 11 24 12 26 13 29
 14 26 15 11 16 13 17 26 18 30 19 17 20 42 21 16 22 29 23 27 24 13 25 14 26 12
 27 17 28 12 29 18 30 12 31 16
1973/8
  1 12  2 12  3 26  4 25  5 20  6 25  7 16  8 15  9 17 10 15 11 14 12 13 13 15
 14 11 15 11 16 33 17 29 18 26 19 23 20 34 21 31 22 12 23 25 24 24 25 26 26 22
 27 32 28 12 29 12 30 15 31 31
1973/9
  1 33  2 14  3 11  4 10  5 19  6 19  7 32  8 18  9 18 10 20 11 13 12 14 13 17
 14 24 15 14 16 11 17 13 18 18 19 18 20 32 21 13 22 17 23 31 24 20 25 20 26 12
 27  9 28  9 29 10 30 17
1973/10
  1 25  2 23  3 14  4  9  5 14  6 25  7 27  8 22  9 20 10 12 11 10 12 16 13 16
 14 17 15 12 16 12 17 10 18 12 19 13 20 24 21 26 22 30 23 29 24 14 25 14 26 12
 27  9 28 12 29 28 30 14 31 32
1973/11
  1 33  2  7  3 16  4 17  5 24  6 33  7 11  8 13  9 18 10 11 11 24 12 42 13 14
 14 25 15 20 16 25 17 26 18 28 19 25 20 13 21 12 22 14 23 16 24 18 25 18 26 13
 27 17 28 21 29 16 30 25
1973/12
  1 31  2 20  3 11  4 12  5 12  6 12  7 13  8 10  9  8 10  8 11 37 12 15 13 30
 14 12 15 17 16 15 17 22 18 11 19 13 20 11 21 10 22  9 23 11 24 15 25 27 26 16
 27 24 28 36 29 26 30 33 31 12
1974/1
  1  7  2 16  3 12  4 20  5 17  6  8  7 11  8 14  9  8 10 11 11 11 12 16 13 14
 14 24 15 22 16 28 17 25 18 24 19 18 20 14 21 19 22 21 23 18 24 15 25 20 26 11
 27 17 28 14 29 19 30 15 31 27
1974/2
  1 18  2 14  3 17  4 34  5 22  6  8  7 12  8 12  9 13 10 11 11  7 12 12 13 11
 14 11 15 11 16 21 17 20 18 18 19 27 20 21 21 25 22 30 23 10 24 11 25 11 26 25
 27 17 28 36
1974/3
  1 36  2 45  3 18  4 12  5 19  6 26  7 32  8 17  9 14 10 14 11  9 12 22 13 20
 14 18 15  8 16  9 17 13 18 21 19 27 20 22 21  9 22 22 23 17 24 12 25 22 26 20
 27 28 28 27 29 20 30 34 31 22
1974/4
  1 36  2 21  3 18  4 13  5 20  6 19  7 12  8 22  9 30 10 18 11 17 12 33 13  8
 14  9 15 14 16 13 17 12 18 34 19 23 20 21 21 12 22 19 23 26 24 25 25 30 26 18
 27 18 28 12 29 13 30 12
1974/5
  1 21  2 19  3 20  4 17  5 12  6 12  7 12  8 22  9 17 10 19 11 14 12 40 13 17
 14 14 15 24 16 16 17 26 18 17 19 22 20 18 21 16 22 14 23 19 24 13 25 12 26 15
 27 19 28 15 29 29 30 17 31 11
1974/6
  1 14  2 13  3 28  4 20  5 16  6 12  7 27  8 14  9 11 10 11 11 12 12 14 13 12
 14 19 15 27 16 31 17 26 18 24 19 33 20 23 21 13 22 15 23 18 24 22 25 23 26 19
 27 12 28 12 29 12 30 13
1974/7
  1 26  2 26  3 13  4 15  5 26  6 26  7 29  8 26  9 25 10 29 11 14 12 14 13 17
 14 30 15 21 16 17 17 31 18 10 19 22 20 30 21 14 22 17 23 23 24 18 25 15 26 26
 27 17 28 17 29 13 30 20 31 17
1974/8
  1 21  2 22  3 18  4 14  5 12  6 26  7 37  8 14  9 18 10 12 11 14 12 29 13 28
 14 22 15 13 16 22 17 13 18 20 19 28 20 15 21 11 22 11 23 12 24 12 25 12 26 10
 27 12 28 10 29 11 30 19 31 21
1974/9
  1 17  2 14  3 10  4 17  5 13  6 12  7 14  8 14  9 13 10 17 11 24 12 16 13 18
 14 20 15 15 16 16 17 13 18 14 19 12 20 16 21 11 22 13 23 13 24 14 25 11 26 17
 27 32 28 16 29 14 30 13
1974/10
  1 11  2 19  3 21  4 18  5 18  6 10  7  9  8 11  9 21 10 11 11 12 12 14 13 12
 14 11 15 10 16 10 17 11 18  9 19 10 20 32 21 28 22 11 23 22 24 12 25 13 26 10
 27 11 28 21 29 16 30 21 31 17
1974/11
  1 13  2 17  3 10  4  9  5  9  6 12  7 21  8 23  9 13 10 13 11 11 12 11 13 12
 14 12 15 11 16 10 17 14 18 28 19 15 20 18 21 24 22 23 23 10 24 14 25 29 26  8
 27 13 28 18 29  9 30 11
1974/12
  1  9  2 11  3 24  4 24  5 15  6 11  7 14  8  9  9 13 10 11 11 12 12 20 13 29
 14 25 15 18 16 15 17 20 18 15 19 15 20 16 21 40 22 20 23 17 24 14 25 11 26 10
 27 23 28 23 29 14 30 13 31 11
1975/1
  1 12  2 12  3 15  4 36  5 27  6 25  7 22  8 38  9 21 10 28 11 26 12 14 13  9
 14 10 15 11 16 12 17 13 18 12 19 14 20 15 21 24 22 11 23 11 24 16 25 18 26 30
 27 13 28 16 29 12 30  8 31 19
1975/2
  1 26  2 28  3 25  4 25  5  9  6 14  7 17  8 11  9 27 10 30 11 20 12 22 13 25
 14 13 15 22 16 22 17 17 18 13 19 26 20 27 21 26 22  8 23 10 24 12 25 10 26 11
 27 10 28 13
1975/3
  1 16  2 17  3 11  4 23  5 26  6 24  7 24  8 23  9 12 10 14 11 17 12 12 13 24
 14 15 15 12 16 28 17 17 18 24 19 26 20 18 21 36 22 34 23 24 24 17 25 26 26 25
 27 23 28 13 29 12 30 20 31 17
1975/4
  1 23  2 23  3 29  4 17  5 33  6 26  7 21  8 17  9 22 10 18 11 20 12 17 13 11
 14 27 15 27 16 17 17 17 18 17 19 15 20 15 21 17 22 21 23 22 24 25 25 35 26 17
 27 20 28 23 29 13 30 10
1975/5
  1 11  2 11  3 29  4 24  5 17  6 24  7 11  8 12  9 16 10 12 11 31 12 20 13 10
 14 13 15 26 16 32 17 13 18 13 19 31 20 17 21 17 22 17 23 15 24 33 25 17 26 14
 27 18 28 28 29 23 30 11 31 14
1975/6
  1 11  2 39  3 20  4 20  5 12  6 18  7 26  8 20  9 21 10 17 11 16 12 14 13 14
 14 12 15 15 16 16 17 26 18 17 19 18 20 17 21 17 22 16 23 23 24 31 25 28 26 16
 27 19 28 12 29 25 30 22
1975/7
  1 23  2 21  3 17  4 21  5 12  6 14  7 12  8 16  9 23 10 26 11 12 12 22 13 18
 14 25 15 29 16 26 17 24 18 15 19 17 20 17 21 21 22 32 23 13 24 12 25 13 26 13
 27 15 28 25 29 32 30 30 31 14
1975/8
  1 12  2 13  3 13  4 18  5 35  6 29  7 24  8 14  9 11 10 12 11 19 12 20 13 17
 14 15 15 15 16 19 17 28 18 20 19 32 20 26 21 22 22 22 23 25 24 23 25 13 26 17
 27 30 28 26 29 15 30 24 31 18
1975/9
  1 32  2 12  3 12  4 12  5 13  6 13  7 14  8 18  9 18 10 16 11 18 12 27 13 22
 14 15 15 26 16 18 17 17 18 15 19 12 20 15 21 11 22 13 23 12 24 13 25 15 26 14
 27 10 28 12 29 16 30 12
1975/10
  1 11  2 12  3 15  4 17  5 15  6 29  7 37  8 16  9 23 10 24 11 35 12 23 13 21
 14 22 15 14 16 12 17 11 18 15 19 10 20 13 21 17 22 28 23 24 24 11 25 26 26 36
 27 16 28 11 29 21 30 25 31 24
1975/11
  1 12  2 10  3 13  4  9  5 17  6 17  7 16  8 20  9 19 10 37 11 22 12 14 13 11
 14 12 15 14 16 14 17 19 18 16 19 16 20 16 21 11 22  9 23  8 24 14 25 34 26 33
 27 21 28 34 29 22 30 30
1975/12
  1 30  2 14  3 10  4 18  5 20  6 11  7 11  8  9  9 10 10  7 11 10 12 24 13 23
 14 18 15 17 16 17 17  9 18 10 19 10 20  9 21  6 22  8 23  7 24 11 25 10 26 22
 27 20 28 11 29 15 30 26 31 15
1976/1
  1 15  2 15  3 14  4 16  5 25  6 14  7 15  8 19  9 15 10 12 11 17 12 34 13 14
 14 17 15  9 16  9 17 10 18 12 19 10 20  7 21  7 22  9 23  9 24  8 25 13 26 14
 27 15 28 11 29 11 30 11 31 14
1976/2
  1 11  2 11  3 30  4 34  5 12  6  7  7  9  8 10  9 17 10 14 11 11 12 12 13 10
 14 18 15 17 16 38 17 23 18 26 19 42 20 24 21 14 22 12 23 17 24 15 25 24 26 23
 27 13 28 18 29 25
1976/3
  1 34  2 13  3 14  4 18  5 11  6 11  7 11  8 10  9 10 10 11 11 38 12 19 13 17
 14 29 15 16 16 14 17 11 18 34 19 38 20 20 21 18 22 25 23 20 24 36 25 27 26 14
 27 23 28 11 29 29 30 10 31 23
1976/4
  1 42  2 13  3 15  4 15  5 22  6 25  7 11  8 25  9 20 10 12 11 22 12 23 13 26
 14 13 15 30 16 18 17 15 18 15 19 13 20 21 21 17 22 23 23 15 24 15 25 49 26 17
 27 16 28 16 29 12 30 16
1976/5
  1 12  2 14  3 25  4 21  5 19  6 17  7 27  8 17  9 14 10 30 11 22 12 14 13 11
 14 41 15 25 16 19 17 23 18 27 19 28 20 24 21 20 22 16 23 22 24 33 25 17 26 12
 27 14 28 29 29 17 30 16 31 17
1976/6
  1 14  2 19  3 32  4 15  5 15  6 20  7 26  8 26  9 26 10 35 11 31 12 20 13 29
 14 17 15 14 16 17 17 14 18 10 19 14 20 26 21 28 22 24 23 17 24 17 25 23 26 24
 27 14 28 13 29 32 30 26
1976/7
  1 36  2 13  3 18  4 21  5 16  6 20  7 21  8 17  9 14 10 14 11 43 12 18 13 12
 14 13 15 13 16 31 17 33 18 30 19 16 20 11 21 21 22 13 23 14 24 17 25 10 26 13
 27 17 28 11 29 17 30 26 31 43
1976/8
  1 20  2 26  3 17  4 23  5 17  6 28  7 24  8 18  9 11 10 15 11 29 12 16 13 16
 14 26 15 26 16 17 17 29 18 30 19 15 20 15 21 14 22 35 23 29 24 12 25 24 26 24
 27 10 28 12 29 13 30 14 31 17
1976/9
  1 14  2 20  3 15  4 12  5 26  6 30  7 13  8 13  9 11 10 19 11 30 12 11 13 14
 14 14 15 24 16 24 17 38 18 15 19 13 20 12 21 16 22 17 23 22 24 11 25 19 26 17
 27 15 28 12 29 12 30 16
1976/10
  1 29  2 28  3 17  4 14  5 11  6 24  7 13  8 11  9 12 10 20 11 15 12 17 13 10
 14 13 15 10 16 10 17 19 18 11 19 10 20 10 21 10 22 11 23 14 24 10 25 25 26 23
 27 14 28 11 29 11 30 10 31 13
1976/11
  1 10  2  9  3 14  4 10  5 11  6 10  7 10  8  9  9  8 10  9 11 11 12 10 13 10
 14 12 15  7 16  8 17 10 18 11 19  9 20 10 21 10 22  8 23 10 24 12 25 29 26 27
 27 17 28 11 29  8 30 10
1976/12
  1  9  2 11  3 12  4 11  5  9  6  8  7 15  8 17  9 22 10 10 11 11 12  8 13 12
 14  7 15 10 16  9 17  9 18 12 19  9 20  5 21  9 22  9 23  8 24 12 25 14 26 14
 27 12 28 12 29 10 30  9 31  9
1977/1
  1 21  2 34  3 33  4 17  5 12  6 12  7 14  8 17  9 16 10 16 11 13 12 12 13 11
 14 11 15 15 16 14 17 13 18 12 19  9 20  5 21  8 22  6 23 13 24  9 25  8 26 17
 27  8 28  8 29  7 30 10 31 12
1977/2
  1 14  2 10  3 12  4  9  5 11  6  9  7 10  8 12  9 11 10 12 11 15 12 12 13 12
 14 14 15 23 16 12 17 13 18  9 19 12 20 11 21 27 22 25 23 20 24 20 25 14 26 32
 27 14 28 23
1977/3
  1 26  2 18  3  8  4 17  5 11  6 11  7 19  8 23  9 40 10 32 11 14 12 17 13 23
 14 17 15 21 16 17 17 26 18 22 19 24 20 14 21 11 22 12 23 30 24 26 25 17 26 11
 27 42 28 37 29 23 30 12 31 16
1977/4
  1 17  2 23  3 21  4 12  5  9  6 11  7 18  8 27  9 34 10 15 11 13 12 17 13 14
 14 26 15 20 16 14 17 26 18 15 19 19 20 15 21 20 22 15 23 14 24 14 25 15 26 33
 27 15 28 22 29 18 30 23
1977/5
  1 36  2 19  3 33  4 20  5 20  6 30  7 16  8 24  9 33 10 28 11 23 12 22 13 26
 14 18 15 25 16 27 17 16 18 14 19 24 20 11 21 12 22 17 23 23 24 25 25 21 26 38
 27 19 28 10 29 13 30 11 31 13
1977/6
  1 25  2 16  3 14  4 13  5 22  6 26  7 17  8 24  9 38 10 26 11 20 12 13 13 22
 14 26 15 15 16 17 17 17 18 14 19 16 20 29 21 15 22 13 23 11 24 12 25 14 26 13
 27 15 28 12 29 15 30 12
1977/7
  1 23  2 26  3 31  4 30  5 26  6 16  7 13  8 23  9 30 10 17 11 15 12 25 13 19
 14 13 15 17 16 19 17 21 18 26 19 29 20 27 21 17 22 21 23 17 24 13 25 12 26 15
 27 38 28 14 29 17 30 15 31 14
1977/8
  1 12  2 13  3 30  4 30  5 31  6 20  7 24  8 14  9 12 10 11 11 14 12 23 13 14
 14 15 15 23 16 17 17 17 18 18 19 10 20 14 21 12 22 15 23 24 24 25 25 19 26 26
 27 10 28 10 29 15 30 23 31 13
1977/9
  1 12  2 13  3 26  4 11  5 12  6 14  7 15  8 18  9 12 10 15 11 30 12 16 13 13
 14 39 15 26 16 33 17 31 18 10 19 29 20 25 21 13 22 26 23 16 24 22 25 13 26 17
 27 24 28 23 29 28 30 26
1977/10
  1 10  2 12  3 13  4 11  5 20  6 29  7 17  8 12  9 12 10 20 11  8 12  9 13 13
 14 12 15  9 16 12 17 11 18  9 19 13 20 12 21 14 22 10 23 14 24 14 25 18 26 23
 27 25 28 23 29 29 30 17 31 15
1977/11
  1 17  2 17  3 17  4 18  5 26  6 19  7 26  8 20  9 11 10 11 11 11 12 11 13 17
 14 10 15 13 16 12 17 19 18 13 19 23 20 15 21 31 22 32 23 18 24 14 25 13 26 25
 27 13 28 17 29 17 30 15
1977/12
  1 16  2 17  3 17  4 18  5 23  6 25  7 21  8 14  9  9 10  8 11 27 12 26 13 14
 14 22 15 32 16 27 17 27 18 20 19 13 20 10 21 15 22 13 23 30 24 13 25  9 26 11
 27  9 28  6 29 11 30 26 31 13
1978/1
  1  9  2  8  3  8  4 20  5 31  6 30  7 12  8 11  9 11 10 15 11 13 12 11 13 17
 14 16 15 25 16 23 17 22 18  9 19 19 20 12 21 12 22 18 23 26 24 17 25 17 26 15
 27 10 28 11 29 13 30 12 31  8
1978/2
  1 16  2 18  3 23  4 17  5 27  6 18  7 28  8 32  9 26 10 29 11 25 12 12 13 17
 14 11 15 19 16 13 17  9 18 11 19 10 20 15 21 10 22 10 23 10 24 13 25 12 26 18
 27 19 28 17
1978/3
  1 18  2 20  3 14  4 26  5 18  6 21  7 10  8 14  9 17 10 15 11 20 12 24 13 16
 14 23 15 13 16 11 17 16 18 15 19 20 20 13 21 16 22 18 23 29 24 18 25 10 26 10
 27 11 28 14 29 17 30 26 31 26
1978/4
  1 24  2 19  3 16  4 31  5 17  6 28  7 30  8 15  9 32 10 17 11 22 12 15 13 29
 14 16 15 26 16 42 17 25 18 10 19 13 20 33 21 23 22 12 23 12 24 11 25 29 26 25
 27 18 28 14 29 19 30 10
1978/5
  1 22  2 15  3 20  4 28  5 13  6 18  7 13  8 11  9 16 10 17 11 38 12  8 13 15
 14 22 15 38 16 24 17 16 18 15 19 15 20 13 21 22 22 26 23 42 24 17 25 22 26 12
 27 15 28 13 29 33 30 24 31 14
1978/6
  1 23  2 25  3 21  4 19  5 16  6 15  7 14  8 12  9 22 10 31 11 14 12 25 13 26
 14 40 15 20 16 21 17 14 18 33 19 12 20 14 21 15 22 14 23 23 24 29 25 21 26 16
 27 23 28 28 29 18 30 26
1978/7
  1 26  2 30  3 32  4 17  5 15  6 14  7 23  8 17  9 12 10 29 11 26 12 17 13 14
 14 14 15 32 16 30 17 14 18 20 19 14 20 34 21 20 22 13 23 14 24 20 25 13 26 13
 27 24 28 24 29 18 30 16 31 30
1978/8
  1 16  2 14  3 11  4 14  5 12  6 12  7 15  8 13  9 13 10 18 11 28 12 29 13 45
 14 20 15 24 16 26 17 17 18 11 19 13 20 23 21 28 22 33 23 17 24 24 25 23 26 15
 27 13 28 14 29 11 30 20 31 18
1978/9
  1 21  2 17  3 23  4 32  5 23  6 22  7 29  8 13  9 27 10 26 11 17 12 14 13 12
 14 14 15 16 16 14 17 28 18 24 19 16 20 10 21 13 22 11 23 10 24 10 25 11 26 10
 27 12 28 11 29  9 30 12
1978/10
  1 16  2 12  3  9  4 11  5 10  6 12  7 14  8 10  9 14 10 12 11 11 12 14 13 11
 14 10 15 12 16 15 17 10 18 11 19 13 20 25 21 17 22 17 23 11 24 12 25 20 26 11
 27 12 28 15 29 31 30 16 31 12
1978/11
  1 11  2 18  3 12  4 18  5 13  6 11  7 12  8 12  9 25 10 14 11 21 12 16 13 12
 14  9 15  7 16  8 17 11 18 14 19 19 20 22 21 22 22 25 23 12 24 13 25 16 26 10
 27 11 28 17 29 13 30 14
1978/12
  1 27  2 20  3 15  4 28  5 26  6 16  7 14  8 14  9 15 10 10 11 15 12 15 13  9
 14 12 15 12 16 21 17 26 18 29 19 25 20 11 21 15 22 15 23 21 24 14 25  8 26 12
 27 15 28 20 29 14 30  9 31 18
1979/1
  1 14  2  9  3 10  4 13  5  8  6  9  7  9  8  8  9  8 10 16 11 24 12 24 13 10
 14 28 15 26 16 18 17  8 18 13 19 16 20 15 21 15 22 22 23 12 24 14 25 11 26 14
 27 13 28 10 29  9 30 13 31 17
1979/2
  1 11  2 14  3 13  4  8  5 18  6 16  7 18  8 12  9 17 10 14 11 14 12 16 13 31
 14 40 15 11 16 20 17 12 18 19 19 17 20 19 21 21 22 14 23 23 24 18 25 14 26 10
 27 11 28 24
1979/3
  1 30  2 20  3 11  4  8  5 12  6 11  7 14  8 20  9 15 10 12 11 11 12 12 13 14
 14 12 15 24 16 34 17 17 18 16 19 19 20 20 21 18 22 20 23 15 24 12 25 25 26 29
 27 33 28 27 29 20 30 20 31 21
1979/4
  1 14  2 14  3 17  4 15  5 14  6 29  7 16  8 10  9 30 10 27 11 22 12 18 13 18
 14 16 15 20 16 25 17 28 18 19 19 12 20 11 21 13 22 26 23 34 24 25 25 17 26 12
 27 16 28 14 29 11 30 31
1979/5
  1 20  2 17  3 17  4 23  5 36  6 26  7 25  8 17  9 23 10 22 11 16 12 13 13 15
 14 12 15 23 16 24 17 16 18 15 19 14 20 13 21 12 22 13 23 27 24 24 25 13 26 13
 27 32 28 31 29 33 30 22 31 14
1979/6
  1 17  2 13  3 16  4 14  5 15  6 24  7 28  8 24  9 13 10 14 11 18 12 25 13 33
 14 20 15 14 16 24 17 38 18 22 19 14 20 15 21 26 22 16 23 13 24 14 25 23 26 17
 27 14 28 16 29 25 30 26
1979/7
  1 32  2 27  3 21  4 22  5 22  6 22  7 22  8 20  9 23 10 22 11 15 12 13 13 13
 14 15 15 13 16 13 17 15 18 27 19 30 20 15 21 23 22 26 23 30 24 14 25 17 26 30
 27 24 28 23 29 13 30 14 31 15
1979/8
  1 25  2 13  3 18  4 17  5 14  6 33  7 22  8 29  9 21 10 11 11 18 12 29 13 26
 14 31 15 35 16 16 17 26 18 18 19 17 20 16 21 19 22 20 23 18 24 13 25 13 26 22
 27 16 28 14 29 26 30 34 31 14
1979/9
  1 24  2 27  3 25  4 16  5 13  6 16  7 24  8 29  9 34 10 16 11 13 12 12 13 12
 14 15 15 13 16 14 17 13 18 13 19 16 20 17 21 12 22 20 23 24 24 18 25 34 26 20
 27  9 28 15 29 13 30 12
1979/10
  1 13  2 12  3 14  4 11  5 11  6 13  7 16  8 16  9 10 10 12 11 10 12 11 13 12
 14 17 15 24 16 10 17 18 18 18 19 31 20 19 21 15 22 21 23 15 24 17 25 29 26 25
 27 10 28 20 29 28 30 14 31  9
1979/11
  1 16  2 12  3 15  4  9  5 10  6 10  7  9  8 12  9 15 10 16 11 21 12 11 13 10
 14 12 15  8 16 18 17 26 18 33 19 20 20 26 21 12 22 15 23 13 24 26 25 15 26 21
 27 10 28 10 29 10 30 10
1979/12
  1  9  2 17  3 11  4 12  5 17  6 11  7 11  8 10  9 10 10 25 11 16 12 12 13  9
 14  9 15  8 16  6 17 10 18  6 19 11 20 11 21 11 22 10 23 17 24 30 25 33 26 17
 27 16 28 11 29 10 30 13 31 10
1980/1
  1  9  2  9  3 10  4  7  5 33  6 31  7 11  8 22  9 29 10 59 11 16 12 34 13 31
 14 32 15 17 16 12 17 13 18 14 19 24 20 11 21 15 22 10 23  9 24  9 25 13 26 10
 27 17 28 14 29 16 30 10 31 10
1980/2
  1  9  2 16  3 13  4 15  5  9  6 17  7 28  8 22  9 13 10 12 11 10 12  9 13 27
 14 26 15 17 16 21 17 26 18 26 19 28 20 20 21 26 22 19 23 19 24 11 25 11 26 14
 27 22 28 26 29 19
1980/3
  1 13  2 29  3 29  4 30  5 36  6 13  7 15  8 14  9 14 10 18 11 32 12 28 13 25
 14 27 15 32 16 17 17 24 18 28 19 14 20 29 21 22 22 28 23 12 24 21 25 14 26 13
 27 32 28 21 29 17 30 32 31  9
1980/4
  1 13  2 15  3 19  4 17  5 29  6 32  7 26  8 13  9 25 10 26 11 21 12 24 13 15
 14 14 15 20 16 10 17 15 18 13 19 22 20 27 21 29 22 32 23 17 24 24 25 17 26 19
 27 17 28 22 29 26 30 12
1980/5
  1 15  2 17  3 17  4 13  5 22  6 17  7 18  8 29  9 29 10 25 11 25 12 15 13 12
 14 18 15 18 16 30 17 12 18  9 19 12 20 11 21 11 22 32 23 40 24 24 25 21 26 19
 27 16 28 34 29 16 30 26 31 19
1980/6
  1 23  2 24  3 17  4 21  5 16  6 15  7 19  8 12  9 15 10 20 11 28 12 32 13 26
 14 26 15 15 16 13 17 14 18 21 19 31 20 17 21 25 22 24 23 27 24 22 25 29 26 32
 27 23 28 14 29 22 30 38
1980/7
  1 19  2 17  3 19  4 15  5 24  6 23  7 27  8 17  9 22 10 20 11 15 12 26 13 15
 14 18 15 12 16 14 17 16 18 17 19 14 20 13 21 11 22 12 23 18 24 21 25 13 26 14
 27 12 28 14 29 31 30 16 31 16
1980/8
  1 11  2 17  3 26  4 14  5 21  6 25  7 13  8 15  9 18 10 12 11 13 12 19 13 22
 14 29 15 36 16 13 17 27 18 33 19 23 20 13 21 13 22 26 23 22 24 21 25 26 26 17
 27 28 28 25 29 15 30 17 31 23
1980/9
  1 11  2 25  3 14  4 13  5 11  6 23  7 16  8 17  9 18 10 33 11 16 12 16 13 28
 14 27 15 19 16 13 17 15 18 32 19 15 20 17 21 20 22 12 23 12 24 11 25 10 26 12
 27 17 28 20 29 10 30 13
1980/10
  1 13  2 12  3 10  4 13  5 12  6 12  7  8  8 10  9 14 10 13 11 28 12 40 13 26
 14 21 15 18 16  9 17 14 18  8 19  8 20 10 21 12 22 10 23  8 24 10 25 17 26 17
 27 20 28 15 29  8 30 10 31  7
1980/11
  1 11  2  9  3  9  4 12  5 10  6  9  7 28  8 20  9 10 10  9 11 26 12 17 13 15
 14  7 15 10 16  8 17 12 18  7 19 11 20  8 21  9 22 13 23 20 24 21 25  8 26 10
 27 11 28 10 29 24 30 22
1980/12
  1 10  2 32  3 30  4 38  5 10  6  9  7 16  8  8  9  7 10  8 11  7 12  8 13  9
 14 11 15  6 16  8 17  6 18  5 19  6 20  7 21 14 22 25 23 12 24 14 25 16 26 13
 27  9 28  8 29  9 30  7 31  6
1981/1
  1  6  2  6  3  8  4  9  5 11  6  8  7  9  8 12  9  8 10  8 11  8 12  8 13  6
 14  8 15  8 16 12 17 11 18  9 19 12 20 10 21 10 22 10 23 10 24 22 25  8 26 19
 27 19 28 28 29 26 30 25 31 18
1981/2
  1 10  2 11  3 12  4  8  5 11  6 12  7 10  8 14  9 29 10 28 11 13 12 10 13  9
 14 17 15 11 16 13 17 24 18 14 19 29 20 27 21 12 22 11 23 16 24 31 25 26 26 17
 27  9 28 11
1981/3
  1 12  2 18  3  9  4 15  5 13  6 15  7 13  8 19  9 17 10 18 11 18 12 17 13 20
 14 15 15 14 16 31 17 28 18 12 19 26 20 32 21 11 22 14 23 16 24 16 25 26 26 25
 27 10 28 20 29 30 30 20 31 23
1981/4
  1 28  2 19  3 22  4 23  5 18  6 20  7 18  8 11  9 22 10 26 11 20 12 14 13 16
 14 14 15 19 16 16 17 14 18 21 19 35 20 23 21 12 22 16 23 11 24 17 25 23 26 29
 27 14 28 13 29 10 30 10
1981/5
  1 20  2 26  3 26  4 22  5 31  6 24  7 17  8 20  9 12 10 34 11 22 12 16 13 12
 14 28 15 19 16 16 17  9 18 18 19 24 20 19 21 18 22 11 23  9 24 13 25 25 26 13
 27 10 28 10 29 13 30 19 31 24
1981/6
  1 13  2 35  3 13  4 10  5 12  6 18  7 14  8 17  9 20 10 16 11 16 12 34 13 26
 14 15 15 11 16 30 17 16 18 12 19 16 20 15 21 14 22 31 23 18 24 13 25 25 26 22
 27 19 28 14 29 12 30 34
1981/7
  1 21  2 27  3 15  4 10  5 14  6 27  7 18  8 16  9 32 10 32 11 29 12 28 13 23
 14 14 15 11 16 33 17 26 18 42 19 12 20 17 21 15 22 12 23 17 24 34 25 17 26 23
 27 11 28 17 29 25 30 25 31 13
1981/8
  1 26  2 21  3 19  4 17  5 13  6 12  7 11  8 13  9 28 10 26 11 21 12 21 13 27
 14 16 15 23 16 13 17 11 18 26 19 23 20 21 21 23 22 22 23 33 24 34 25 17 26 17
 27 19 28 38 29 22 30 26 31  9
1981/9
  1 30  2 29  3 12  4 26  5 27  6 11  7 17  8 24  9 15 10 12 11 11 12 14 13 13
 14 14 15 10 16 12 17 12 18 14 19 25 20 16 21 13 22 16 23 13 24 30 25 26 26 14
 27 26 28 26 29 18 30 14
1981/10
  1 12  2 24  3 27  4 15  5 10  6 18  7 31  8 14  9 16 10 23 11 23 12 18 13 19
 14 13 15 11 16 17 17  8 18 10 19 10 20 12 21 12 22 10 23 11 24 24 25 12 26 17
 27 23 28 32 29 31 30  9 31  9
1981/11
  1 10  2  6  3  7  4  8  5  8  6 16  7 11  8  9  9  9 10  9 11  8 12 24 13 29
 14 26 15 12 16 19 17 34 18 22 19 12 20 13 21 16 22 17 23 21 24 29 25 15 26 16
 27 25 28 11 29 11 30 23
1981/12
  1 17  2 17  3 11  4 10  5 11  6 14  7 11  8  8  9 26 10 25 11 12 12 10 13 12
 14 14 15 43 16 13 17 10 18  9 19 17 20 28 21 24 22 22 23 11 24 12 25 23 26 25
 27 24 28 18 29 30 30 27 31 20
1982/1
  1 32  2 15  3 26  4 42  5 32  6 18  7 13  8 14  9  8 10  7 11 10 12  8 13 14
 14 15 15 12 16 20 17 23 18 15 19 12 20 24 21 34 22 25 23 21 24 17 25 11 26 38
 27 18 28 13 29 22 30 14 31 20
1982/2
  1  9  2 19  3 17  4 13  5 11  6 11  7 11  8 15  9 13 10 12 11 10 12 11 13 11
 14 19 15 16 16 30 17 14 18 10 19 17 20 11 21 21 22 19 23 25 24 10 25 10 26 28
 27 14 28 12
1982/3
  1 32  2 24  3 22  4 22  5 15  6 12  7 13  8 13  9 16 10 12 11 42 12 20 13  9
 14 29 15 22 16 28 17 26 18 28 19 17 20 11 21 10 22 11 23 13 24 17 25 23 26 17
 27 14 28 41 29 30 30 30 31 36
1982/4
  1 37  2 26  3 27  4 23  5 13  6 19  7 23  8 10  9 14 10 25 11 35 12 17 13 20
 14 23 15 26 16 12 17 14 18 27 19 19 20 17 21 13 22 12 23 13 24 14 25 13 26 20
 27 15 28 35 29 24 30 13
1982/5
  1 30  2 20  3 25  4 21  5 17  6 12  7 19  8 33  9 23 10 20 11 13 12 20 13 19
 14 13 15 14 16 13 17 17 18 45 19 13 20  9 21 12 22 24 23 16 24 24 25 11 26 27
 27 32 28 17 29 16 30 15 31 15
1982/6
  1 30  2 14  3 13  4 20  5 33  6 13  7 26  8 20  9 15 10 12 11 14 12 21 13 29
 14 18 15 16 16 12 17 13 18 16 19 20 20 23 21 32 22 19 23 27 24 29 25 17 26 11
 27 20 28 24 29 26 30 36
1982/7
  1 27  2 15  3 22  4 22  5 24  6 16  7 29  8 24  9  9 10 12 11 15 12 17 13 23
 14 14 15 23 16 15 17 17 18 15 19 17 20 16 21 16 22 27 23 34 24 28 25 11 26 16
 27 15 28 16 29 11 30 12 31 14
1982/8
  1 30  2 16  3 22  4 22  5 22  6 10  7 31  8 25  9 13 10 25 11 44 12 12 13 17
 14 19 15 22 16 29 17 29 18 21 19 13 20 12 21 18 22 15 23 14 24 12 25 17 26 25
 27 13 28 22 29 29 30 19 31 16
1982/9
  1 11  2  9  3 16  4 17  5 20  6 37  7 14  8 15  9 23 10 26 11 14 12 12 13 17
 14 16 15 17 16 15 17 13 18 20 19 24 20 19 21 19 22 12 23 11 24 26 25 16 26 24
 27 16 28 20 29 15 30 18
1982/10
  1 11  2 11  3 14  4 24  5 12  6 24  7 23  8 20  9 14 10 10 11 10 12  9 13 10
 14  9 15 10 16 11 17 18 18 26 19 10 20  8 21  9 22 16 23 14 24 17 25 20 26 24
 27 15 28 13 29 22 30 22 31 11
1982/11
  1 14  2 15  3 12  4  9  5 11  6 20  7  9  8 23  9 26 10 24 11 17 12 17 13 26
 14 10 15  8 16 11 17 16 18 34 19 31 20 17 21 19 22 15 23  9 24  7 25 10 26  7
 27 12 28 14 29 27 30 28
1982/12
  1 32  2 12  3 15  4 11  5  8  6 19  7 15  8 10  9  8 10  6 11  6 12  7 13 10
 14 15 15 19 16 24 17 31 18 12 19 13 20 15 21 27 22 25 23 36 24 30 25  9 26 12
 27 17 28  9 29  7 30 10 31 12
1983/1
  1 10  2  8  3  8  4  6  5  9  6 11  7 12  8 44  9 19 10 17 11  7 12  7 13  8
 14  7 15  6 16  9 17  9 18 11 19 18 20 12 21 13 22 16 23 17 24 28 25  7 26 29
 27 28 28 10 29 21 30 10 31 12
1983/2
  1 10  2 11  3  9  4  9  5  9  6 17  7 24  8 16  9 24 10 15 11 11 12 19 13 30
 14 11 15 11 16 13 17 17 18 31 19 19 20 10 21  9 22 12 23 12 24 15 25 25 26 19
 27 26 28 25
1983/3
  1 31  2 26  3 26  4 12  5 17  6 15  7 12  8  9  9  9 10 17 11 34 12 25 13 35
 14 19 15 23 16 13 17 19 18 17 19 18 20  9 21 14 22 26 23 22 24 20 25 17 26 12
 27 29 28 14 29 15 30 25 31 32
1983/4
  1 16  2 30  3 24  4 38  5 26  6 13  7 14  8 12  9 17 10 26 11 16 12 18 13 16
 14 11 15 12 16 12 17 14 18 28 19 15 20 30 21 16 22  9 23 19 24 38 25 24 26 14
 27 19 28 28 29 23 30 22
1983/5
  1 15  2 13  3 20  4 29  5 31  6 24  7 17  8 28  9 21 10 17 11 19 12 13 13 15
 14 13 15 30 16 17 17 13 18 18 19 19 20 14 21 35 22 11 23 11 24 10 25 11 26 12
 27 13 28 12 29 15 30 16 31 23
1983/6
  1 16  2 14  3 19  4 25  5 12  6 12  7 13  8 21  9 12 10 16 11 21 12 31 13 13
 14 13 15 17 16 12 17 25 18 24 19 17 20 16 21 18 22 21 23 18 24 25 25  8 26 17
 27 20 28 15 29 17 30 13
1983/7
  1 28  2 17  3 14  4 13  5 24  6 47  7 28  8 27  9 42 10 12 11 12 12 12 13 13
 14 29 15 17 16 15 17 26 18 21 19 22 20 19 21 25 22 19 23 20 24 23 25 25 26 24
 27 26 28 24 29 16 30 17 31 25
1983/8
  1 16  2 21  3 21  4 13  5 11  6 12  7 17  8 16  9 22 10 27 11 25 12 10 13 12
 14 25 15 18 16 11 17 23 18 22 19 18 20 11 21 42 22 14 23 18 24 22 25 17 26 17
 27 16 28 33 29 27 30 17 31 14
1983/9
  1 28  2 21  3 34  4 12  5 13  6 12  7 38  8 31  9 18 10 12 11 12 12 10 13 10
 14 16 15 11 16 13 17 14 18 17 19 17 20 10 21 11 22 14 23 24 24 18 25 11 26 37
 27 26 28 14 29 31 30 30
1983/10
  1 17  2 16  3 15  4 13  5 11  6 17  7 14  8 15  9 26 10 18 11 16 12 12 13 28
 14 16 15 12 16 11 17 11 18 13 19 11 20 13 21 10 22 15 23 23 24 18 25 10 26 11
 27 11 28 10 29  9 30 15 31 13
1983/11
  1 17  2 16  3 12  4 13  5 14  6 16  7 30  8 13  9 11 10 26 11 26 12 26 13 32
 14 29 15 15 16 11 17 29 18 22 19 26 20 22 21 23 22  9 23 17 24 27 25 29 26 23
 27 14 28 18 29 20 30 13
1983/12
  1 12  2  8  3 33  4 26  5 17  6 26  7 18  8 24  9 29 10 21 11 30 12 19 13  7
 14 10 15 14 16 14 17 13 18  9 19 34 20 16 21 19 22 12 23 15 24  7 25  8 26 10
 27 14 28 16 29 10 30 19 31  8
1984/1
  1  7  2  7  3  9  4  8  5  6  6  6  7  7  8  8  9  6 10 11 11  8 12 11 13  9
 14 10 15  8 16 12 17 15 18 13 19  9 20  9 21  7 22 12 23 12 24 16 25 16 26 13
 27 17 28 10 29  8 30  6 31  7
1984/2
  1 17  2 11  3  9  4  7  5  7  6  8  7  8  8 12  9 14 10 18 11 11 12 13 13 25
 14 26 15 16 16 26 17 23 18  9 19  9 20 11 21 17 22 14 23 12 24 19 25 13 26 10
 27  9 28  9 29 10
1984/3
  1 13  2 12  3 10  4 18  5  9  6 13  7 14  8  9  9 15 10 12 11 11 12 18 13 29
 14 24 15 30 16 15 17 24 18 12 19  8 20  8 21 27 22 16 23 10 24 26 25 15 26 26
 27 22 28 11 29 20 30 20 31 25
1984/4
  1 15  2 21  3 10  4 16  5 22  6 26  7 17  8 34  9 26 10 27 11 19 12 17 13 11
 14 12 15 13 16 15 17 34 18 20 19 22 20 25 21 21 22 12 23 23 24 42 25 22 26 15
 27 11 28 11 29 24 30 18
1984/5
  1 17  2 20  3 21  4 33  5 20  6 20  7 11  8 11  9 15 10 14 11 17 12 13 13 12
 14 49 15 44 16 18 17 14 18 13 19 10 20 20 21 16 22 17 23 22 24 19 25 14 26 19
 27 17 28 11 29 13 30 30 31 31
1984/6
  1 17  2 34  3 27  4 30  5 17  6 18  7 30  8 19  9 17 10 23 11 16 12 12 13 15
 14 17 15 28 16 14 17 12 18 31 19 20 20 26 21 24 22 16 23 13 24 22 25 15 26 10
 27 14 28  9 29 22 30 12
1984/7
  1 11  2 12  3 10  4 12  5 11  6 21  7 41  8 21  9 25 10 12 11 13 12 34 13 24
 14 13 15 11 16 12 17 12 18 14 19 10 20 13 21 29 22 25 23 18 24 28 25 29 26 22
 27 35 28 31 29 18 30 12 31 14
1984/8
  1 31  2 16  3 15  4 23  5 24  6 21  7 12  8 11  9 12 10 16 11 17 12 12 13 21
 14 21 15 28 16 15 17 14 18 21 19 20 20 11 21 13 22 16 23 18 24 20 25 25 26 13
 27 17 28 15 29 14 30 11 31 22
1984/9
  1 17  2  9  3 15  4 17  5 25  6 25  7  9  8 10  9 10 10 14 11 28 12 24 13 13
 14 12 15 18 16 22 17 12 18 12 19 15 20 23 21 21 22 27 23 26 24 23 25 14 26 11
 27 10 28 10 29  9 30 33
1984/10
  1 31  2 29  3 11  4  8  5 11  6  9  7 11  8  9  9 12 10 23 11 30 12 15 13 19
 14 24 15 24 16 24 17 28 18 13 19 10 20 14 21 13 22 10 23 10 24 10 25 13 26 32
 27 15 28 18 29 15 30 13 31 18
1984/11
  1 15  2 31  3 27  4 13  5 10  6 18  7 13  8 29  9 26 10 17 11 14 12 20 13 32
 14 25 15 11 16  7 17  9 18 10 19  9 20 22 21 20 22  7 23  8 24 26 25 16 26 17
 27 22 28 31 29 13 30 25
1984/12
  1  9  2  9  3  7  4  6  5 10  6  8  7  7  8 10  9  5 10 17 11 15 12 15 13 19
 14 15 15 26 16 28 17  9 18 13 19 13 20 10 21 11 22 16 23 15 24 10 25 11 26 10
 27 26 28 28 29  9 30 14 31 12
1985/1
  1 12  2  8  3  8  4  7  5  8  6  6  7  6  8 12  9  8 10  6 11 14 12 10 13  9
 14  9 15  9 16  7 17  7 18  9 19  9 20  9 21 15 22  8 23  9 24  8 25  6 26  8
 27  7 28  9 29 17 30 12 31 12
1985/2
  1 17  2 19  3 15  4 17  5 14  6 13  7 33  8 34  9  9 10 11 11 15 12 10 13  8
 14  7 15  8 16  6 17  7 18 10 19  7 20 18 21 10 22  8 23  7 24 15 25 19 26 12
 27 14 28 11
1985/3
  1 17  2 27  3 26  4 20  5 25  6 22  7 20  8 11  9 11 10 14 11 14 12 17 13 12
 14 12 15 10 16  7 17  9 18 14 19 19 20 10 21 34 22 16 23 17 24 30 25 21 26 32
 27 34 28 14 29 30 30 11 31 13
1985/4
  1 11  2 13  3 21  4 25  5 15  6 10  7 10  8 17  9 11 10 13 11 20 12 13 13 12
 14 10 15 20 16 36 17 30 18 21 19 29 20 14 21 21 22 28 23 36 24 17 25 26 26 26
 27 13 28 13 29 11 30 11
1985/5
  1 13  2 24  3 34  4 27  5 13  6 21  7 26  8 28  9 33 10 25 11 15 12 16 13 12
 14 38 15 17 16 17 17 17 18 13 19 18 20 29 21 14 22 14 23 12 24 29 25 20 26 16
 27 27 28 28 29 36 30 14 31 29
1985/6
  1 29  2 15  3 14  4 11  5 11  6 11  7 22  8 16  9 14 10 20 11 12 12 13 13 16
 14 14 15 12 16 15 17 12 18 13 19 13 20 17 21 17 22 13 23 32 24 26 25 30 26 14
 27 11 28 17 29 22 30 18
1985/7
  1 12  2 11  3 14  4 11  5 11  6 26  7 23  8 18  9 17 10 12 11 31 12 22 13 24
 14 28 15 19 16 35 17 25 18 29 19 23 20 16 21 18 22 33 23 17 24 11 25 10 26 39
 27 17 28 33 29 26 30 29 31 25
1985/8
  1 28  2 20  3 16  4 14  5 26  6 13  7 26  8 26  9 23 10 26 11 18 12 13 13 15
 14 13 15 17 16 15 17 25 18 25 19 17 20 26 21 23 22 15 23 14 24 13 25 14 26 32
 27 33 28 26 29 16 30 23 31 17
1985/9
  1 30  2 32  3 16  4 26  5 25  6 29  7 22  8 26  9 26 10 32 11 32 12 15 13 15
 14 30 15 32 16 20 17 29 18 26 19 26 20 15 21 27 22 25 23 26 24 13 25 15 26 13
 27 19 28 17 29 11 30 10
1985/10
  1 11  2 16  3 15  4 10  5 11  6 25  7 32  8 11  9 13 10 11 11 10 12 18 13 18
 14 11 15 11 16 14 17 14 18  8 19 12 20 25 21 38 22 23 23 17 24 11 25 17 26 11
 27 17 28 18 29  9 30 16 31 20
1985/11
  1 10  2 13  3  9  4 11  5 21  6 14  7 23  8 26  9 28 10 34 11 36 12 26 13 11
 14 13 15  9 16 10 17 22 18 24 19 17 20 14 21 17 22 20 23  6 24 38 25 30 26  9
 27 10 28 16 29 20 30 16
1985/12
  1  9  2 26  3 23  4  9  5 13  6 11  7 19  8 17  9 20 10 19 11 10 12 12 13 12
 14 16 15  8 16  9 17  7 18 10 19  8 20  7 21  8 22  7 23  9 24  7 25  8 26  9
 27  8 28  7 29  8 30  8 31 15
1986/1
  1 26  2 17  3 15  4  8  5 17  6 34  7 10  8 10  9  8 10  5 11  8 12  8 13  8
 14  7 15 14 16 17 17 19 18 12 19 13 20 10 21 12 22 14 23 19 24  8 25 10 26  8
 27 12 28 11 29 13 30 30 31 19
1986/2
  1 13  2 37  3 13  4 11  5 16  6 19  7 15  8 14  9 15 10 18 11  9 12 32 13 27
 14 33 15 36 16 30 17 34 18 34 19 40 20 15 21 12 22 21 23 11 24 10 25 13 26 11
 27 13 28 11
1986/3
  1  9  2 14  3 11  4 11  5 12  6 15  7 19  8 32  9 24 10 31 11 15 12 17 13 14
 14 17 15 17 16 21 17 17 18 23 19  8 20 10 21 17 22 14 23 14 24 25 25 15 26 11
 27 11 28 11 29 13 30 20 31 20
1986/4
  1 25  2 27  3 16  4 12  5 16  6 14  7 31  8 22  9 13 10 12 11 24 12 37 13 29
 14 12 15 31 16 29 17 26 18 17 19 10 20 11 21 11 22 34 23 19 24 22 25 25 26 25
 27 11 28 20 29 20 30 16
1986/5
  1 15  2 23  3 26  4 33  5 13  6 17  7 20  8 21  9 15 10 29 11 17 12 12 13 20
 14 17 15 16 16 18 17 13 18 12 19 15 20 27 21 35 22 15 23 14 24 11 25 12 26 12
 27 20 28 17 29 17 30 16 31 14
1986/6
  1 17  2 12  3 11  4 32  5 28  6 13  7 30  8 18  9 23 10 12 11 14 12 28 13 19
 14 18 15 15 16 23 17 23 18 21 19 17 20 15 21 16 22 15 23 12 24 17 25 20 26 16
 27 24 28 25 29 19 30 13
1986/7
  1 12  2 34  3 25  4 42  5 21  6 16  7 30  8 24  9 24 10 16 11 18 12 17 13 28
 14 33 15 23 16 29 17 22 18 24 19 18 20 14 21 31 22 26 23 30 24 28 25 51 26 22
 27 16 28 20 29 18 30 15 31 13
1986/8
  1 13  2 12  3 12  4 12  5 20  6 35  7 15  8 22  9 13 10 13 11 19 12 20 13 14
 14 15 15 14 16 18 17 24 18 14 19 18 20 29 21 17 22 22 23 18 24 26 25 16 26 12
 27 11 28 25 29 22 30 26 31 16
1986/9
  1 16  2 21  3 11  4 12  5 13  6 17  7 19  8 35  9 34 10 12 11 17 12 22 13 23
 14 19 15 24 16 26 17 11 18 25 19 20 20 17 21 13 22 13 23 18 24 33 25 21 26 19
 27 23 28 14 29 13 30 13
1986/10
  1 15  2 14  3 14  4 12  5 14  6 11  7 10  8 11  9 11 10 30 11 25 12 19 13 11
 14 12 15 13 16 11 17 38 18 34 19 17 20 18 21  8 22 10 23 14 24 10 25 11 26 12
 27 19 28 10 29 14 30 26 31 22
1986/11
  1 19  2 13  3 14  4 10  5 17  6 25  7 15  8 26  9 19 10 17 11 14 12  9 13  9
 14 24 15 10 16 24 17 24 18 13 19 23 20 12 21 20 22 15 23  8 24 12 25 19 26 11
 27 13 28 13 29 23 30 19
1986/12
  1  8  2  9  3  8  4 12  5 17  6 11  7 11  8 10  9 22 10 12 11 10 12  9 13  9
 14 10 15  9 16  6 17  6 18  8 19  8 20  8 21  9 22 13 23  9 24  8 25  7 26 11
 27 10 28 10 29 15 30  7 31  9
1987/1
  1 19  2 36  3 21  4 38  5 20  6 11  7  8  8 10  9  8 10 12 11  8 12  9 13  9
 14 11 15 13 16 18 17 11 18 12 19 18 20 12 21 12 22 11 23 13 24 17 25 12 26 10
 27 17 28 39 29 12 30 14 31 10
1987/2
  1 17  2 15  3 13  4 14  5 10  6 10  7 10  8 10  9 10 10 18 11 12 12 11 13 29
 14 22 15 15 16 14 17 14 18 19 19 19 20 16 21 11 22 19 23 27 24 23 25 14 26 18
 27 12 28 14
1987/3
  1 17  2 16  3 17  4 24  5 28  6 22  7 10  8 14  9 12 10 13 11 20 12 20 13 28
 14 14 15 18 16 24 17 15 18 28 19 16 20 19 21 19 22 22 23 11 24 22 25 17 26 35
 27 23 28 24 29 23 30 12 31 11
1987/4
  1 12  2 23  3 33  4 13  5 14  6 16  7 12  8 21  9 22 10 10 11 25 12 22 13 12
 14 14 15 16 16 14 17 24 18 34 19 26 20 11 21 12 22 15 23 17 24 13 25 26 26 26
 27 24 28 16 29 21 30 28
1987/5
  1 34  2 21  3 15  4 14  5 29  6 25  7 16  8 20  9 17 10 12 11 12 12 24 13 16
 14 13 15 22 16 24 17 25 18 21 19 17 20 18 21 28 22 19 23 25 24 17 25 31 26 25
 27 20 28 13 29 14 30 14 31 28
1987/6
  1 13  2 12  3 13  4 13  5 20  6 31  7 15  8 16  9 22 10 16 11 17 12 16 13 11
 14 23 15 28 16 17 17 25 18 18 19 14 20 12 21 26 22 31 23 12 24 14 25 13 26 12
 27 12 28 17 29 20 30 15
1987/7
  1 14  2 17  3 17  4 23  5 17  6 16  7 15  8 17  9 26 10 25 11 17 12 16 13 15
 14 16 15 14 16 26 17 35 18 35 19 36 20 35 21 27 22 20 23 15 24 20 25 24 26 26
 27 17 28 21 29 16 30 19 31 21
1987/8
  1 14  2 13  3 15  4 13  5 17  6 31  7 20  8 13  9 15 10 33 11 21 12 23 13 31
 14 30 15 21 16 15 17 13 18 16 19 24 20 38 21 22 22 21 23 34 24 31 25 20 26 14
 27 14 28 14 29 12 30 12 31 12
1987/9
  1 13  2 26  3 30  4 14  5 12  6 14  7 13  8 17  9 12 10 12 11 13 12 12 13 35
 14 17 15 14 16 19 17 12 18 12 19 11 20 13 21 13 22 13 23 11 24 12 25 15 26 21
 27 19 28 12 29 11 30 11
1987/10
  1 11  2 11  3 11  4 11  5 12  6 11  7 12  8 14  9 14 10 12 11 11 12 18 13 19
 14 11 15 17 16 12 17 12 18 15 19 12 20 11 21 11 22 11 23 13 24  9 25 10 26 12
 27  9 28  9 29 20 30 12 31 13
1987/11
  1 17  2 19  3 11  4 11  5 18  6 24  7 13  8 11  9 16 10 20 11 11 12 11 13 20
 14 26 15 22 16 21 17 23 18 11 19  8 20  8 21  9 22  7 23  9 24 12 25 22 26 25
 27 10 28  9 29  7 30 15
1987/12
  1 11  2 20  3 16  4 22  5 17  6 23  7 27  8 17  9 26 10 23 11 20 12 19 13 25
 14 15 15 12 16 23 17 17 18  9 19 14 20 11 21 17 22 22 23 19 24 17 25 12 26 12
 27 14 28 23 29  9 30 11 31 14
1988/1
  1 12  2 11  3 10  4  7  5  9  6 16  7 10  8 10  9 15 10 26 11 47 12 12 13 16
 14 17 15 33 16 26 17 14 18 26 19 20 20 14 21 10 22 15 23 14 24 11 25 12 26 10
 27 12 28  8 29 11 30 15 31  9
1988/2
  1 11  2  8  3  9  4 10  5  9  6 12  7 10  8 10  9 12 10 12 11 12 12 13 13 30
 14 12 15 17 16 17 17  9 18 19 19 12 20 11 21 14 22 17 23 11 24 12 25 10 26  8
 27 10 28 14 29 26
1988/3
  1 17  2 15  3 12  4 17  5 14  6 31  7 16  8 13  9 26 10 26 11 14 12 16 13 15
 14 20 15 20 16 22 17 16 18 12 19 14 20 21 21 27 22 13 23 34 24 17 25 16 26 20
 27 34 28 23 29 29 30 26 31 27
1988/4
  1 12  2 14  3 22  4 24  5 12  6 19  7 37  8 21  9 17 10 12 11 10 12 12 13 20
 14 20 15 15 16 11 17 21 18 15 19 22 20 26 21 19 22 18 23 17 24 16 25 29 26 14
 27 13 28 26 29 16 30 38
1988/5
  1 34  2 15  3 10  4 25  5 25  6 28  7 17  8 14  9 15 10 13 11 13 12 12 13 40
 14 14 15 13 16 38 17 39 18 25 19 18 20 17 21 15 22 17 23 14 24 25 25 28 26 26
 27 17 28 24 29 30 30 17 31 11
1988/6
  1 19  2 14  3 19  4 26  5 37  6 31  7 23  8 31  9 15 10 26 11 17 12 20 13 14
 14 15 15 14 16 23 17 30 18 15 19 25 20 24 21 16 22 23 23 11 24 15 25 23 26 30
 27 18 28 21 29 22 30 12
1988/7
  1 23  2 24  3 34  4 33  5 31  6 20  7 11  8 13  9 15 10 15 11 27 12 15 13 18
 14 23 15 18 16 23 17 17 18 15 19 16 20 12 21 13 22 16 23 13 24 14 25 23 26 39
 27 32 28 11 29 17 30 13 31 22
1988/8
  1 14  2 34  3 29  4 14  5 17  6 25  7 28  8 13  9 12 10 38 11 38 12 27 13 26
 14 25 15 32 16 17 17 16 18 16 19 17 20 26 21 15 22 13 23 14 24 13 25 14 26 18
 27 15 28 12 29 11 30 14 31 15
1988/9
  1 13  2 15  3 18  4 17  5 11  6 17  7 13  8 13  9 34 10 34 11 15 12 16 13 12
 14 11 15 14 16 26 17 26 18 24 19 25 20 15 21 17 22 12 23 14 24 19 25 24 26 17
 27 22 28 21 29 16 30 10
1988/10
  1 12  2 13  3 11  4 14  5 33  6 26  7 14  8 11  9 23 10 17 11 15 12 29 13 24
 14 27 15  9 16 12 17 15 18 11 19 17 20 12 21 10 22 15 23  8 24 10 25 10 26 14
 27  9 28 13 29 10 30 11 31 17
1988/11
  1 33  2 17  3 17  4 22  5 12  6 25  7 14  8 12  9 13 10 14 11 19 12 25 13 30
 14 40 15 18 16 31 17 36 18 20 19 11 20 12 21 17 22 24 23 38 24 13 25 19 26 26
 27 16 28 23 29 15 30  9
1988/12
  1 11  2  8  3  6  4  6  5 15  6 17  7 18  8  8  9 13 10  8 11 10 12 11 13 11
 14 17 15 24 16  8 17  8 18  8 19  9 20 27 21 33 22 25 23 32 24 27 25 30 26 17
 27 13 28  8 29 13 30 11 31 13
1989/1
  1 11  2 18  3 10  4  8  5 32  6 28  7 14  8 17  9 22 10 29 11 14 12 11 13 13
 14 11 15 14 16 15 17 12 18  8 19  7 20  6 21 13 22 19 23 21 24 20 25  8 26 10
 27 12 28 10 29 11 30 10 31 14
1989/2
  1 40  2 15  3 19  4 18  5 18  6 15  7 14  8 12  9  8 10 11 11 13 12  6 13 11
 14 12 15 11 16 12 17  9 18 13 19  9 20 11 21 12 22 17 23 11 24 11 25 13 26 13
 27 11 28 10
1989/3
  1 16  2 31  3 26  4  9  5 11  6 13  7 17  8 12  9 24 10 31 11 23 12 14 13 33
 14 23 15 15 16 42 17 18 18 13 19 24 20 17 21 16 22 13 23 16 24 27 25 28 26 18
 27 24 28 21 29 16 30 18 31 32
1989/4
  1 37  2 22  3 15  4 11  5 15  6 11  7 13  8 21  9 20 10 20 11 26 12 17 13 11
 14 13 15 25 16 12 17 17 18 12 19 14 20 26 21 27 22 17 23 24 24 31 25 20 26 25
 27 16 28 19 29 16 30 14
1989/5
  1 15  2 15  3 17  4 15  5 12  6 11  7 16  8 23  9 35 10 41 11 28 12 18 13 15
 14 16 15 18 16 12 17 12 18 35 19 18 20 15 21 12 22 23 23 37 24 21 25 13 26 14
 27 27 28 39 29 26 30 24 31 15
1989/6
  1 23  2 12  3 17  4 17  5 22  6 12  7 21  8 18  9 27 10 15 11 16 12 13 13 13
 14 12 15 27 16 31 17 14 18 14 19 28 20 27 21 20 22 25 23 19 24 23 25 12 26 13
 27 35 28 31 29 24 30 27
1989/7
  1 15  2 17  3 16  4 22  5 12  6 13  7 14  8 26  9 30 10 30 11 22 12 35 13 17
 14 11 15 23 16 20 17 14 18 12 19 12 20 25 21 26 22 16 23 21 24 14 25 13 26 16
 27 26 28 25 29 16 30 16 31 28
1989/8
  1 23  2 24  3 17  4 14  5 17  6 14  7 11  8 24  9 20 10 23 11 11 12 17 13 24
 14 31 15 39 16 19 17 52 18 20 19 31 20 17 21 18 22 26 23 31 24 21 25 14 26 15
 27 18 28 12 29 26 30 28 31 13
1989/9
  1 23  2 20  3 14  4 12  5 22  6 17  7 21  8 25  9 15 10 14 11 15 12 17 13 12
 14 13 15 12 16 23 17 46 18 16 19 30 20 23 21 14 22 11 23 14 24 12 25 13 26 34
 27 34 28 11 29 24 30 38
1989/10
  1 13  2 26  3 21  4 14  5 10  6 13  7 13  8 12  9 13 10 16 11 15 12 12 13 15
 14 14 15 16 16 13 17 12 18 11 19 17 20 27 21 28 22 24 23 28 24 24 25 26 26 20
 27 28 28 25 29 10 30 12 31 19
1989/11
  1  9  2  9  3 10  4 20  5 13  6 12  7 16  8  9  9 12 10 10 11 11 12 24 13 14
 14 23 15  9 16 12 17 12 18 10 19 10 20  8 21  9 22  9 23  9 24 20 25 20 26 34
 27 21 28 10 29  9 30  9
1989/12
  1  8  2 13  3 10  4  9  5 11  6  9  7  9  8 15  9 17 10 17 11 20 12 14 13 11
 14 13 15 11 16 16 17 27 18  8 19 12 20 11 21  8 22 11 23 10 24  7 25  7 26  6
 27  6 28  7 29 12 30 12 31 13
1990/1
  1 13  2 20  3  9  4 17  5 14  6 14  7 17  8 27  9 17 10 13 11  8 12 17 13 29
 14 26 15 12 16 15 17  9 18 15 19 15 20 10 21  9 22 13 23 29 24 14 25 17 26 34
 27 13 28 18 29 35 30 38 31 15
1990/2
  1 14  2 12  3 24  4 25  5 14  6 22  7 24  8 21  9 14 10 13 11 16 12 26 13 22
 14 18 15 18 16 36 17 48 18 15 19 11 20 11 21 10 22 10 23 10 24 10 25  8 26 10
 27 11 28 12
1990/3
  1 15  2 13  3 31  4 19  5 20  6 26  7 11  8 25  9 12 10 27 11 45 12 15 13 23
 14 13 15 18 16  9 17  9 18 17 19 17 20 13 21 12 22 12 23 26 24 14 25 12 26 10
 27 25 28 13 29 16 30 14 31 12
1990/4
  1 19  2 18  3 11  4 24  5 14  6 12  7 18  8 26  9 16 10 12 11 13 12 14 13  9
 14 11 15 12 16 21 17 27 18 14 19 17 20 17 21 24 22 26 23 26 24 27 25 26 26 20
 27 15 28 25 29 16 30 24
1990/5
  1 17  2 16  3 19  4 19  5 14  6 26  7 22  8 26  9 15 10 17 11 22 12 21 13 19
 14 37 15 26 16 18 17 26 18 21 19 27 20 15 21 17 22 22 23 29 24 44 25 16 26 14
 27 15 28 30 29 18 30 20 31 31
1990/6
  1 25  2 15  3 20  4 20  5 13  6 15  7 16  8 15  9 33 10 30 11 25 12 21 13 15
 14 30 15 26 16 14 17 21 18 25 19 15 20 11 21 10 22 16 23 25 24 19 25 15 26 24
 27 15 28 16 29 19 30 19
1990/7
  1 30  2 34  3 22  4 25  5 25  6 18  7 21  8 42  9 21 10 12 11 15 12 13 13 16
 14 16 15 16 16 18 17 15 18 22 19 26 20 31 21 15 22 12 23 32 24 34 25 25 26 15
 27 14 28 20 29 12 30 14 31 34
1990/8
  1 17  2 11  3 15  4 15  5 15  6 12  7 15  8 15  9 18 10 29 11 26 12 12 13 14
 14 15 15 21 16 19 17 26 18 23 19 18 20 26 21 18 22 16 23 26 24 25 25 27 26 29
 27 25 28 16 29 15 30 20 31 13
1990/9
  1 28  2 26  3 18  4 16  5 17  6 14  7 13  8 12  9 12 10 11 11 13 12 17 13 13
 14 13 15 35 16 16 17 13 18 31 19 15 20 13 21 10 22 12 23 15 24 10 25 27 26 17
 27 29 28 20 29  9 30 13
1990/10
  1 11  2 21  3 12  4 22  5 27  6 27  7 10  8 13  9 12 10 17 11 17 12 15 13 14
 14 13 15 18 16 30 17 10 18 14 19 22 20 15 21 14 22 15 23 10 24 10 25 11 26  9
 27 10 28 16 29 19 30 23 31 25
1990/11
  1 17  2 19  3 13  4 17  5 22  6 18  7 13  8 14  9 14 10 13 11  9 12  9 13 17
 14 23 15 22 16  6 17 12 18 11 19 25 20 26 21 17 22 11 23 10 24 11 25 32 26 25
 27 19 28  8 29 12 30 10
1990/12
  1 14  2 29  3 10  4 10  5 16  6  8  7 10  8 10  9  7 10 10 11 16 12  8 13 28
 14 15 15 10 16 11 17 18 18 28 19 26 20 18 21 11 22 16 23 10 24  8 25  7 26  9
 27 15 28  9 29 31 30 10 31  9
