Tucson, 	AZ	     23160	1965/1--1979/12
1965/1
  1 12  2 11  3 13  4 12  5 12  6 12  7 22  8 28  9 14 10 14 11 14 12 12 13 13
 14 23 15 15 16 28 17 28 18 17 19 10 20 17 21 14 22 10 23  9 24 29 25 29 26 20
 27 26 28 14 29 14 30 12 31 13
1965/2
  1 13  2 10  3 12  4 14  5 14  6 39  7 18  8 23  9 29 10 15 11 21 12 17 13 17
 14 15 15 10 16 11 17 11 18 17 19 13 20 17 21 13 22 25 23 34 24 14 25 24 26 15
 27 17 28 26
1965/3
  1 18  2 23  3 20  4 23  5 15  6 17  7 26  8 12  9 15 10 20 11 24 12 19 13 11
 14 10 15 29 16 13 17 17 18 17 19 17 20 14 21 17 22 28 23 27 24 26 25 21 26 18
 27 20 28 28 29 11 30 12 31 22
1965/4
  1 30  2 25  3 31  4 26  5 11  6 18  7 23  8 24  9 31 10 29 11 17 12 29 13 12
 14 17 15 14 16 19 17 20 18 23 19 15 20 13 21 16 22 26 23 22 24 17 25 33 26 22
 27 19 28 21 29 28 30 18
1965/5
  1 22  2 27  3 25  4 30  5 19  6 29  7 38  8 15  9 19 10 12 11 17 12 29 13 17
 14 24 15 14 16 42 17 17 18 15 19 18 20 20 21 24 22 29 23 23 24 25 25 24 26 16
 27 17 28 13 29 16 30 19 31 29
1965/6
  1 26  2 20  3 25  4 21  5 15  6 15  7 17  8 22  9 26 10 18 11 16 12 16 13 18
 14 20 15 28 16 27 17 19 18 23 19 17 20 17 21 17 22 19 23 33 24 26 25 29 26 29
 27 17 28 16 29 18 30 16
1965/7
  1 18  2 18  3 18  4 17  5 26  6 25  7 22  8 54  9 29 10 34 11 28 12 18 13 16
 14 34 15 32 16 33 17 13 18 12 19 17 20 40 21 41 22 23 23 35 24 17 25 27 26 13
 27 41 28 24 29 17 30 21 31 16
1965/8
  1 22  2 34  3 17  4 15  5 15  6 14  7 21  8 38  9 22 10 16 11 29 12 13 13 34
 14 16 15 19 16 25 17 19 18 30 19 14 20 14 21 17 22 15 23 16 24 16 25 17 26 22
 27 13 28 17 29 23 30 47 31 20
1965/9
  1 17  2 24  3 17  4 13  5 14  6 15  7 12  8 24  9 12 10 17 11 22 12 30 13 14
 14 16 15 16 16 29 17 29 18 30 19 29 20 14 21 12 22 13 23 15 24 13 25 13 26 12
 27 19 28 26 29 15 30  8
1965/10
  1 18  2 26  3 14  4 22  5 14  6 11  7 17  8 12  9 14 10 17 11 13 12 15 13 22
 14 17 15 23 16 17 17 21 18 16 19 10 20 24 21 30 22 30 23 25 24 23 25 26 26 26
 27 22 28 12 29 15 30 13 31 24
1965/11
  1 23  2 19  3 14  4 22  5 17  6 14  7 13  8 14  9 15 10 14 11 13 12 15 13 15
 14 18 15 11 16 14 17 14 18 13 19 11 20 15 21 14 22  9 23 18 24 12 25 31 26 17
 27  8 28 11 29 22 30 22
1965/12
  1 12  2 12  3 13  4 21  5 26  6 20  7 17  8 13  9 17 10 18 11  9 12 14 13 18
 14 17 15 19 16 13 17 15 18 15 19 12 20 22 21 20 22 29 23 21 24 14 25 14 26 14
 27 16 28 15 29 16 30 22 31 12
1966/1
  1 19  2 16  3 25  4 11  5 13  6 14  7 20  8 26  9 15 10 14 11 15 12 22 13 17
 14 13 15 12 16 31 17 32 18 20 19  7 20 17 21 15 22 19 23 13 24 12 25  9 26 29
 27 27 28 11 29 15 30 26 31 18
1966/2
  1 11  2  9  3 30  4 19  5 11  6 20  7 17  8 20  9 20 10 22 11 17 12 10 13 11
 14 15 15 17 16 10 17 10 18 12 19 17 20 14 21 12 22 34 23 33 24 33 25 19 26 27
 27 15 28 13
1966/3
  1 20  2 32  3 17  4 12  5 29  6 18  7 17  8 14  9 14 10 15 11 13 12 13 13 16
 14 14 15 16 16 17 17 15 18 20 19 16 20 18 21 19 22 16 23 35 24 35 25 19 26 19
 27 21 28 17 29 15 30 16 31 13
1966/4
  1 13  2 18  3 20  4 20  5 24  6 12  7 17  8 14  9 19 10 23 11 23 12 25 13 12
 14 31 15 29 16 26 17 18 18 42 19 27 20 10 21 19 22 14 23 11 24 17 25 12 26 18
 27 21 28 18 29 19 30 13
1966/5
  1 17  2 34  3 34  4 26  5 24  6  9  7 29  8 22  9 29 10 22 11 16 12 17 13 11
 14 25 15 25 16 26 17 16 18 17 19 17 20 34 21 24 22 25 23 18 24 12 25 19 26 24
 27 19 28 18 29 21 30 26 31 26
1966/6
  1 28  2 25  3 18  4 17  5 17  6 19  7 23  8 22  9 25 10 19 11 16 12 17 13 17
 14 30 15 30 16 27 17 19 18 14 19 29 20 26 21 24 22 17 23 18 24 17 25 15 26 20
 27 22 28 24 29 19 30 23
1966/7
  1 26  2 24  3 17  4 18  5 19  6 19  7 24  8 24  9 24 10 26 11 16 12 14 13 26
 14 19 15 40 16 23 17 17 18 34 19 25 20 14 21 33 22 12 23 19 24 26 25 16 26 16
 27 24 28 25 29 20 30 15 31 19
1966/8
  1 17  2 13  3 36  4 14  5 26  6 25  7 13  8 47  9 29 10 26 11 12 12 40 13 29
 14 11 15 10 16 25 17 13 18 28 19 11 20 14 21 12 22 12 23 23 24 17 25 15 26 16
 27 15 28 15 29 21 30 17 31 18
1966/9
  1 14  2 17  3  9  4 12  5 26  6 21  7 25  8 16  9 24 10 18 11 20 12 24 13 18
 14 17 15 12 16  9 17 10 18 11 19 16 20 10 21 12 22 15 23 12 24 13 25 11 26 17
 27 23 28 35 29 13 30  8
1966/10
  1 16  2 16  3 20  4 18  5 17  6 22  7 13  8  9  9 11 10 17 11 17 12 11 13 19
 14 18 15 20 16 23 17 10 18 12 19 20 20 14 21 17 22 14 23 12 24 26 25 26 26 27
 27 19 28 14 29 18 30 21 31 17
1966/11
  1 26  2 33  3 14  4 14  5 12  6 24  7 24  8 29  9 17 10 11 11  9 12 12 13 11
 14 13 15 14 16 15 17 12 18 12 19 13 20 13 21 12 22 19 23  9 24 10 25 14 26 15
 27 29 28 26 29 12 30 13
1966/12
  1 14  2 17  3 11  4  7  5 16  6 18  7 25  8 16  9 10 10 22 11 22 12 22 13 25
 14 16 15 14 16 33 17 14 18 12 19 13 20 13 21 12 22 13 23 40 24 43 25 13 26 34
 27 15 28  8 29 11 30 17 31 14
1967/1
  1 14  2 17  3 23  4 12  5 17  6 17  7 18  8 23  9 17 10 29 11 32 12 21 13 12
 14 11 15 13 16 14 17 11 18 11 19 13 20 14 21 15 22 23 23 30 24  9 25 18 26 24
 27 11 28 13 29 15 30 15 31 20
1967/2
  1 13  2 13  3 24  4 20  5 15  6 20  7 22  8 28  9 12 10 15 11  9 12 12 13 15
 14 25 15 26 16 15 17 16 18 17 19 22 20 16 21 16 22 13 23 11 24 14 25 18 26 24
 27 22 28 29
1967/3
  1 25  2 17  3 24  4 24  5 26  6 10  7 12  8 13  9 18 10 20 11 17 12 22 13 25
 14 17 15 14 16 21 17 15 18 25 19 23 20 13 21 16 22 14 23 17 24 31 25 16 26 19
 27 12 28 21 29 37 30 24 31 25
1967/4
  1 25  2 14  3 18  4 24  5 18  6 17  7 23  8 17  9 17 10 20 11 33 12 30 13 20
 14 11 15 19 16 14 17 17 18 20 19 18 20 18 21 14 22 31 23 14 24 29 25 17 26 17
 27 19 28 21 29 32 30 20
1967/5
  1 17  2 16  3 16  4 19  5 22  6 14  7 14  8 12  9 23 10 20 11 22 12 18 13 24
 14 20 15 20 16 21 17 22 18 10 19 21 20 14 21 20 22 25 23 37 24 29 25 33 26 15
 27 22 28 20 29 21 30 18 31 24
1967/6
  1 17  2 17  3 11  4 22  5 21  6 25  7 18  8 20  9 27 10 25 11 18 12 26 13 29
 14 26 15 16 16 17 17 23 18 23 19 17 20 18 21 17 22 20 23 22 24 17 25 34 26 14
 27 17 28 17 29 15 30 14
1967/7
  1 20  2 33  3 32  4 29  5 27  6 16  7 24  8 18  9 27 10 29 11 14 12 25 13 18
 14 23 15 17 16 30 17 17 18 14 19 15 20 38 21 27 22 16 23 15 24 17 25 16 26 24
 27 18 28 14 29 30 30 21 31 40
1967/8
  1 15  2 38  3 21  4 33  5 15  6 17  7 24  8 24  9 15 10 27 11 31 12 23 13 22
 14 28 15 23 16 36 17 17 18 34 19 26 20 14 21 18 22 26 23 23 24 24 25 13 26 15
 27 24 28 20 29 18 30 22 31 27
1967/9
  1 23  2 17  3 13  4 35  5 37  6 22  7 16  8 16  9 16 10 31 11 19 12 16 13 38
 14 23 15 14 16 17 17 12 18 17 19 16 20  9 21 22 22 32 23 23 24 26 25 26 26 26
 27 31 28 26 29 18 30 23
1967/10
  1 21  2 31  3 18  4 12  5 23  6 18  7 10  8 10  9 13 10 25 11 16 12 13 13 10
 14 14 15 23 16 32 17 27 18 25 19 15 20 14 21 14 22 13 23 14 24 10 25 11 26 13
 27 13 28 16 29 25 30 27 31 11
1967/11
  1 12  2 16  3 11  4 11  5 15  6 11  7 22  8 24  9 14 10 11 11 20 12 23 13 22
 14 13 15 12 16 15 17 14 18 14 19 20 20 17 21 18 22 16 23 16 24 10 25  9 26 13
 27 23 28 13 29 33 30 13
1967/12
  1 17  2 25  3 22  4 13  5 11  6 12  7 17  8 15  9 29 10 11 11 11 12 26 13 38
 14 20 15 22 16 18 17 34 18 23 19 33 20 25 21 13 22 36 23 35 24 19 25 10 26 14
 27 10 28 14 29 12 30 19 31 13
1968/1
  1 13  2 17  3 21  4 13  5 11  6  9  7 28  8 18  9 10 10 15 11 11 12 33 13 38
 14 14 15 13 16 17 17 17 18 16 19 22 20  9 21 11 22 16 23 31 24 17 25 14 26 22
 27 16 28 18 29  8 30 14 31 18
1968/2
  1 11  2 26  3 17  4 17  5 23  6 26  7 27  8 10  9 11 10 11 11 14 12 17 13 21
 14 12 15 10 16 15 17 17 18 19 19 16 20 24 21 24 22 24 23 12 24 14 25 12 26 16
 27 20 28 13 29 29
1968/3
  1 23  2 13  3 19  4 25  5 17  6 23  7 20  8 18  9 27 10 29 11 15 12 19 13 12
 14 20 15 17 16 10 17 17 18 16 19 25 20 19 21 17 22 15 23 18 24 11 25 13 26 16
 27 10 28 13 29 11 30 18 31 25
1968/4
  1 25  2 24  3 18  4 11  5 15  6 23  7 13  8 14  9 22 10 22 11 19 12 20 13 11
 14 13 15 21 16 24 17 28 18 28 19 10 20 23 21 21 22 27 23 15 24 26 25 23 26 20
 27 17 28 15 29 32 30 24
1968/5
  1 16  2 16  3 17  4 17  5 19  6 26  7 12  8 15  9 19 10 15 11 26 12 27 13 17
 14 19 15 18 16 19 17 17 18 15 19 16 20 22 21 23 22 27 23 24 24 20 25 18 26 14
 27 15 28 18 29 17 30 18 31 17
1968/6
  1 17  2 17  3 21  4 23  5 26  6 26  7 29  8 20  9 20 10 16 11 15 12 16 13 24
 14 18 15 17 16 15 17 17 18 14 19 17 20 23 21 18 22 23 23 23 24 22 25 16 26 17
 27 22 28 28 29 24 30 19
1968/7
  1 16  2 40  3 26  4 23  5 21  6 17  7 19  8 19  9 19 10 20 11 17 12 22 13 19
 14 23 15 18 16 20 17 18 18 50 19 31 20 20 21 24 22 29 23 17 24 16 25 22 26 21
 27 17 28 17 29 14 30 23 31 16
1968/8
  1 15  2 35  3 26  4 21  5 14  6 22  7 16  8 17  9 17 10 30 11 16 12 21 13 18
 14 24 15 17 16 18 17 22 18 16 19 33 20 14 21 13 22 17 23 15 24 15 25 18 26 23
 27 14 28 16 29 27 30 24 31 30
1968/9
  1 14  2 23  3 17  4 15  5 12  6 17  7 20  8 15  9 16 10 21 11 25 12 30 13 25
 14 22 15 20 16 22 17 11 18 13 19 16 20 24 21 22 22 22 23 13 24 14 25 21 26 23
 27 15 28 19 29 22 30 16
1968/10
  1 16  2 23  3 20  4 17  5 13  6 13  7 18  8 17  9 13 10 16 11 17 12 17 13 10
 14 26 15 29 16 16 17 21 18 14 19 14 20 17 21 13 22 13 23 12 24 15 25 14 26 17
 27 14 28 14 29 15 30 22 31 17
1968/11
  1 23  2 10  3 12  4 17  5 14  6 13  7 18  8  9  9 17 10 12 11 12 12 19 13 29
 14 17 15 18 16  9 17 13 18 11 19 11 20 20 21 19 22 15 23 12 24 17 25 26 26 12
 27 16 28 15 29 31 30 19
1968/12
  1 21  2 20  3 22  4 22  5 15  6 15  7 25  8 27  9 13 10 14 11 22 12 12 13 20
 14 24 15 17 16 15 17 29 18 11 19 17 20 31 21 26 22 11 23 15 24 14 25 18 26 28
 27  9 28 12 29 16 30 11 31 15
1969/1
  1 26  2 11  3 15  4 26  5 15  6 11  7 12  8 24  9 12 10 13 11 14 12 12 13 19
 14 12 15  9 16 12 17 12 18  9 19 13 20 17 21 21 22 17 23 18 24 11 25 17 26 20
 27 19 28 16 29 17 30 18 31 17
1969/2
  1 10  2 13  3 24  4 16  5 25  6 19  7 20  8 11  9 12 10 11 11 13 12 22 13 17
 14  8 15  9 16 15 17 20 18 32 19 25 20 12 21 12 22 42 23 14 24 14 25 20 26 23
 27 12 28 16
1969/3
  1 24  2 13  3 23  4 23  5 19  6 31  7 26  8  9  9 22 10 33 11 21 12 12 13 34
 14 17 15 10 16 15 17 16 18 13 19 20 20 13 21 29 22 26 23 25 24 17 25 12 26 17
 27 17 28 15 29 14 30 15 31 18
1969/4
  1 18  2 25  3 26  4 12  5 24  6 30  7 21  8 18  9 18 10 23 11 15 12 13 13 17
 14 27 15 30 16 28 17 17 18 24 19 13 20 15 21 22 22 22 23 17 24 25 25 18 26 26
 27 19 28 16 29 22 30 17
1969/5
  1 19  2 18  3 25  4 34  5 26  6 22  7 14  8 12  9 20 10 23 11 30 12 27 13 25
 14 19 15 21 16 19 17 14 18 17 19 17 20 17 21 20 22 18 23 19 24 17 25 13 26 17
 27 19 28 18 29 17 30 19 31 21
1969/6
  1 22  2 22  3 17  4 18  5 35  6 20  7 20  8 16  9 26 10 26 11 20 12 23 13 13
 14 20 15 25 16 29 17 19 18 16 19 19 20 17 21 24 22 17 23 19 24 27 25 31 26 17
 27 20 28 17 29 18 30 23
1969/7
  1 29  2 34  3 36  4 21  5 22  6 26  7 22  8 31  9 16 10 34 11 12 12 15 13 15
 14 29 15 28 16 26 17 21 18 15 19 26 20 30 21 24 22 21 23 22 24 20 25 28 26 17
 27 15 28 20 29 18 30 15 31 40
1969/8
  1 34  2 19  3 16  4 20  5 38  6 20  7 54  8 20  9 17 10 40 11 33 12 21 13 22
 14 19 15 21 16 29 17 19 18 16 19 17 20 19 21 26 22 25 23 23 24 18 25 26 26 36
 27 12 28 30 29 17 30 11 31 23
1969/9
  1 23  2 17  3 26  4 22  5 13  6 29  7 14  8 22  9 26 10 26 11 28 12 23 13 17
 14 14 15 22 16 12 17 13 18 10 19 14 20 17 21 17 22 12 23 11 24 12 25 14 26 15
 27 20 28 19 29 20 30 20
1969/10
  1 20  2 26  3 27  4 21  5 17  6 14  7 21  8 18  9 17 10 25 11 26 12 11 13 15
 14 18 15 13 16 13 17 19 18 31 19 17 20 12 21 25 22 17 23 17 24 13 25 21 26 12
 27 25 28 21 29 19 30  9 31 13
1969/11
  1 15  2 14  3 13  4 14  5 15  6 22  7 17  8 29  9 11 10 18 11 11 12 16 13 12
 14 10 15 23 16 18 17 15 18 23 19 29 20 29 21 29 22 15 23 11 24 18 25 26 26 20
 27 26 28 34 29 30 30 25
1969/12
  1 16  2 25  3 24  4 15  5 34  6 12  7  9  8 12  9 17 10 14 11 20 12 12 13 14
 14 11 15 10 16 14 17 14 18 11 19 18 20  9 21 11 22 16 23 11 24 11 25 12 26 29
 27 16 28 14 29 12 30 12 31  9
1970/1
  1 17  2 10  3 26  4 18  5  9  6 19  7 24  8 13  9 16 10 16 11 12 12 14 13 14
 14 11 15 24 16 12 17 24 18 14 19 15 20 15 21 13 22 12 23 13 24 16 25 11 26 13
 27 16 28 20 29 15 30 29 31 27
1970/2
  1 25  2 20  3 21  4 11  5 10  6 11  7 21  8 26  9 25 10 21 11 17 12 16 13 18
 14 23 15 11 16 27 17 17 18 16 19 20 20 35 21 31 22 15 23 25 24 12 25 12 26 15
 27 29 28 21
1970/3
  1 34  2 20  3 17  4 12  5 36  6 17  7 15  8 13  9 20 10 34 11 18 12 17 13 17
 14 21 15 18 16 15 17 28 18 26 19 17 20 19 21 16 22  9 23 13 24 20 25 17 26 24
 27 34 28 21 29 30 30 27 31 31
1970/4
  1 19  2 19  3 17  4 20  5 18  6 31  7 18  8 17  9 19 10 14 11 30 12 22 13 27
 14 29 15 18 16 23 17 26 18 21 19 21 20 25 21 33 22 18 23 15 24 19 25 11 26 22
 27 31 28 31 29 18 30 26
1970/5
  1 22  2 23  3 34  4 25  5 16  6 26  7 22  8 18  9 22 10 20 11 24 12 20 13 16
 14 21 15 25 16 26 17 15 18 24 19 23 20 26 21 24 22 18 23 22 24 17 25 27 26 20
 27 19 28 16 29 15 30 18 31 17
1970/6
  1 26  2 23  3 18  4 24  5 42  6 21  7 22  8 21  9 26 10 27 11 22 12 31 13 32
 14 23 15 19 16 20 17 17 18 17 19 17 20 14 21 24 22 18 23 18 24 17 25 16 26 25
 27 27 28 34 29 25 30 16
1970/7
  1 24  2 20  3 26  4 21  5 17  6 29  7 23  8 31  9 30 10 20 11 17 12 19 13 30
 14 34 15 18 16 17 17 18 18 26 19 59 20 47 21 25 22 18 23 14 24 24 25 26 26 25
 27 18 28 34 29 17 30 33 31 35
1970/8
  1 29  2 26  3 26  4 20  5 29  6 18  7 29  8 29  9 15 10 27 11 31 12 17 13 19
 14 35 15 23 16 18 17 18 18 34 19 19 20 20 21 20 22 29 23 27 24 14 25 18 26 19
 27 15 28 16 29 18 30 11 31  9
1970/9
  1 12  2 26  3 42  4 11  5 26  6 16  7 14  8 10  9 21 10 22 11 17 12 27 13 19
 14 16 15 15 16 15 17 10 18 13 19 13 20 17 21 18 22 14 23 12 24 12 25 15 26 33
 27 34 28 35 29 31 30 14
1970/10
  1 22  2 24  3 14  4 14  5 16  6 15  7 36  8 11  9 12 10 19 11 13 12 15 13 12
 14 13 15 11 16 26 17 27 18 17 19 14 20 16 21 13 22 22 23 10 24 19 25 20 26 17
 27 21 28 21 29 20 30 12 31 17
1970/11
  1 13  2 21  3 22  4 30  5 23  6 14  7 26  8 13  9 20 10 14 11 12 12 26 13 21
 14 23 15 33 16 15 17 14 18 17 19 11 20 11 21 17 22 12 23 13 24 15 25 14 26 20
 27 17 28 18 29 20 30 25
1970/12
  1 13  2 13  3 10  4 17  5 11  6 16  7 14  8 17  9 13 10 17 11 19 12 13 13 13
 14 29 15 11 16 14 17 26 18 16 19 18 20 17 21 29 22 16 23 13 24 16 25 17 26 13
 27 10 28  6 29  9 30 11 31 14
1971/1
  1 13  2 28  3 25  4 16  5 13  6 15  7 17  8 10  9 12 10 12 11 16 12 20 13 11
 14 11 15 17 16 15 17 13 18 10 19 17 20 14 21 14 22 11 23 17 24 12 25 10 26 10
 27 13 28 13 29 14 30 15 31 14
1971/2
  1 16  2 24  3 37  4 14  5 11  6 17  7 22  8 12  9 25 10 15 11 14 12 22 13 12
 14 13 15 17 16 18 17 33 18 10 19 24 20 24 21 17 22 17 23 24 24 18 25 20 26 17
 27 21 28 20
1971/3
  1 31  2 14  3 21  4 21  5 26  6 10  7 26  8 26  9 10 10 17 11 16 12 17 13 36
 14 14 15 16 16 21 17 31 18 17 19 22 20 22 21 14 22 13 23 17 24 27 25 17 26 18
 27 17 28 17 29 20 30 21 31 27
1971/4
  1 15  2 15  3 17  4 13  5 26  6 29  7 25  8 28  9 17 10 18 11 19 12 14 13 13
 14 29 15 25 16 13 17 27 18 26 19 17 20 16 21 24 22 15 23 18 24 28 25 29 26 16
 27 22 28 24 29 11 30 13
1971/5
  1 18  2 23  3 30  4 27  5 26  6 28  7 23  8 27  9 18 10 16 11 15 12 34 13 15
 14 18 15 19 16 20 17 34 18 17 19 12 20 20 21 28 22 25 23 18 24 14 25 20 26 20
 27 30 28 26 29 26 30 26 31 19
1971/6
  1 20  2 20  3 24  4 17  5 25  6 19  7 22  8 17  9 22 10 21 11 26 12 17 13 14
 14 17 15 20 16 21 17 26 18 23 19 25 20 20 21 21 22 19 23 22 24 38 25 23 26 21
 27 22 28 20 29 15 30 14
1971/7
  1 15  2 22  3 29  4 26  5 22  6 18  7 26  8 16  9 15 10 20 11 16 12 19 13 18
 14 27 15 38 16 71 17 24 18 25 19 29 20 33 21 44 22 21 23 25 24 29 25 19 26 36
 27 30 28 34 29 22 30 33 31 15
1971/8
  1 26  2 27  3 40  4 13  5 17  6 19  7 32  8 30  9 34 10 24 11 31 12 23 13 17
 14 20 15 14 16 17 17 25 18 27 19 27 20 27 21 27 22 25 23 14 24 18 25 22 26 20
 27 17 28 20 29 27 30 30 31 17
1971/9
  1 29  2 19  3 16  4 17  5 21  6 17  7 14  8 42  9 18 10 11 11 14 12 16 13 24
 14 17 15 17 16 17 17 29 18 42 19 17 20 15 21 17 22 17 23 17 24 26 25 19 26 26
 27 26 28 21 29 38 30 22
1971/10
  1 17  2 15  3 15  4 23  5 28  6 30  7 29  8 17  9 17 10 25 11 21 12 13 13 18
 14 20 15 26 16 30 17 24 18 17 19 13 20 26 21 18 22 10 23 16 24 35 25 25 26 18
 27 11 28 26 29 31 30 12 31 14
1971/11
  1 11  2 11  3 29  4 20  5 13  6 13  7 14  8 13  9 21 10 20 11 16 12 13 13 14
 14 19 15 19 16 11 17 21 18 13 19 25 20 17 21 12 22 12 23 11 24 12 25 13 26 14
 27 19 28 11 29 22 30  9
1971/12
  1 20  2  9  3 15  4 29  5 10  6 13  7 29  8 14  9  8 10 12 11 24 12 16 13 21
 14 12 15 13 16 15 17 33 18 39 19 14 20 12 21 16 22 17 23 11 24 11 25 13 26 23
 27 13 28  8 29 17 30 11 31 23
1972/1
  1 17  2  9  3 32  4 17  5 26  6 11  7 11  8 18  9 14 10 11 11 11 12 15 13 12
 14 12 15 26 16 24 17 12 18 14 19 15 20 13 21 14 22 14 23 15 24  9 25 17 26 23
 27 14 28 10 29 17 30 14 31 10
1972/2
  1 23  2 17  3 24  4 26  5 15  6 12  7 14  8 17  9 12 10 17 11 10 12 12 13 16
 14 16 15 23 16 16 17 13 18 18 19 15 20 16 21 14 22 13 23 12 24 15 25 23 26 12
 27 11 28 17 29 25
1972/3
  1 24  2 14  3 18  4 15  5 13  6 18  7 14  8 13  9 31 10 26 11 15 12 14 13 13
 14 17 15 16 16 12 17 17 18 14 19 26 20 19 21 14 22 22 23 17 24 11 25 19 26 26
 27 28 28 24 29 30 30 19 31 19
1972/4
  1 15  2 16  3 17  4 14  5 13  6 26  7 13  8 15  9 14 10 20 11 25 12 23 13 30
 14 23 15 15 16 15 17 35 18 26 19 21 20 18 21 14 22 18 23 14 24 20 25 23 26 20
 27 20 28 16 29 21 30 17
1972/5
  1 19  2 15  3 16  4 20  5 18  6 19  7 17  8 17  9 20 10 19 11 23 12 16 13 24
 14 34 15 25 16 18 17 19 18 26 19 28 20 26 21 20 22 17 23 14 24 17 25 21 26 15
 27 23 28 25 29 26 30 27 31 17
1972/6
  1 11  2 32  3 23  4 32  5 26  6 24  7 29  8 33  9 17 10 17 11 26 12 25 13 26
 14 25 15 17 16 23 17 27 18 26 19 18 20 28 21 45 22 24 23 21 24 22 25 20 26 18
 27 17 28 15 29 15 30 18
1972/7
  1 25  2 26  3 22  4 19  5 30  6 26  7 35  8 17  9 29 10 32 11 16 12 29 13 18
 14 42 15 40 16 24 17 32 18 13 19 28 20 14 21 15 22 32 23 27 24 20 25 16 26 12
 27 17 28 45 29 27 30 12 31 12
1972/8
  1 22  2 18  3 26  4 17  5 24  6 21  7 19  8 40  9 42 10 28 11 23 12 34 13 12
 14 14 15 13 16 13 17 16 18 20 19 16 20 15 21 16 22 17 23 17 24 20 25 17 26 27
 27 18 28 18 29 26 30 24 31 29
1972/9
  1 47  2 28  3 16  4 13  5 26  6 23  7 19  8 19  9 25 10 16 11 17 12 16 13 19
 14 15 15 14 16 14 17 26 18 40 19 18 20 11 21 26 22 30 23 22 24 23 25 16 26 10
 27 17 28 11 29 12 30 10
1972/10
  1 13  2 20  3 17  4 19  5 13  6 32  7 15  8 10  9 14 10 17 11 12 12 13 13 12
 14 12 15 12 16 13 17 30 18 20 19 21 20 18 21 13 22 11 23  9 24 16 25 22 26 11
 27 19 28 11 29 17 30 21 31 25
1972/11
  1 17  2 12  3 16  4 16  5 19  6 17  7 26  8 32  9  9 10 12 11 29 12 17 13 17
 14 13 15 14 16 12 17 24 18  9 19 12 20 14 21  9 22 22 23 24 24 17 25  9 26 12
 27 13 28 19 29 13 30 10
1972/12
  1 13  2 12  3 16  4 23  5 29  6 10  7 17  8 21  9 21 10 14 11 16 12 15 13 23
 14  9 15 37 16 36 17 28 18 16 19 13 20 15 21  9 22 13 23 11 24 15 25 15 26 30
 27 28 28 30 29 22 30 23 31 16
1973/1
  1 15  2 17  3 17  4 12  5 12  6 11  7 10  8 10  9 13 10 15 11 10 12 15 13 12
 14 14 15 12 16 15 17 25 18 12 19 23 20 18 21 21 22 14 23 23 24 20 25 14 26 25
 27 12 28 33 29 36 30 34 31 25
1973/2
  1  9  2 33  3 26  4 17  5 11  6 17  7 18  8 17  9 26 10 17 11 36 12 22 13 23
 14 12 15 17 16 18 17  9 18 12 19 17 20 30 21 30 22 14 23 10 24 12 25 14 26 15
 27 17 28 23
1973/3
  1 17  2 17  3 13  4 19  5 20  6 14  7 25  8 14  9 26 10 12 11 20 12 20 13 26
 14 23 15 10 16 16 17 16 18 27 19 18 20 28 21 16 22 25 23 17 24 19 25 11 26 29
 27 30 28 21 29 33 30 25 31 14
1973/4
  1 28  2 23  3 25  4 30  5 26  6 22  7 34  8 20  9 13 10 14 11 13 12 14 13 23
 14 31 15 14 16 17 17 17 18 32 19 30 20 24 21 15 22 18 23 17 24 17 25 17 26 12
 27 23 28 21 29 21 30 28
1973/5
  1 17  2 16  3 16  4 32  5 35  6 20  7 13  8 14  9 16 10 15 11 21 12 15 13 29
 14 26 15 25 16 29 17 20 18 17 19 21 20 24 21 17 22 18 23 17 24 16 25 25 26 27
 27 25 28 15 29 17 30 22 31 25
1973/6
  1 29  2 20  3 17  4 17  5 16  6 12  7 16  8 17  9 15 10 23 11 18 12 24 13 24
 14 26 15 24 16 16 17 18 18 19 19 18 20 24 21 28 22 30 23 27 24 18 25 17 26 19
 27 19 28 18 29 17 30 29
1973/7
  1 20  2 26  3 24  4 17  5 34  6 19  7 26  8 27  9 17 10 27 11 38 12 28 13 23
 14 24 15 26 16 15 17 24 18 15 19 13 20 17 21 22 22 19 23 15 24 14 25 22 26 25
 27 33 28 26 29 26 30 14 31 20
1973/8
  1 24  2 17  3 24  4 18  5 26  6 19  7 20  8 17  9 16 10 20 11 17 12 15 13 19
 14 25 15 25 16 13 17 20 18 27 19 28 20 25 21 23 22 17 23 25 24 20 25 19 26 18
 27 29 28 14 29 33 30 18 31 15
1973/9
  1 19  2 12  3 16  4 17  5 14  6 15  7 17  8 19  9 18 10 20 11 18 12 20 13 13
 14 13 15 23 16 18 17 15 18 20 19 18 20 28 21 17 22 14 23 31 24 17 25 22 26 19
 27 23 28 13 29 16 30 14
1973/10
  1 17  2 19  3 19  4 17  5 22  6 25  7 26  8 25  9 25 10 18 11 13 12 11 13 14
 14 21 15 23 16 19 17 22 18 19 19 12 20 14 21 14 22 16 23 20 24 13 25 16 26 14
 27 15 28 21 29 19 30 14 31 12
1973/11
  1 17  2 19  3 19  4 22  5 11  6 12  7 12  8 12  9 14 10 13 11 17 12 20 13 20
 14 15 15 12 16 17 17 11 18 32 19 26 20 14 21 19 22 24 23 27 24  7 25 16 26 29
 27  9 28 29 29 29 30 19
1973/12
  1 20  2 26  3 10  4  9  5 11  6 25  7 20  8 14  9 30 10 26 11 17 12 14 13 12
 14  9 15  9 16 23 17 13 18 20 19 19 20 34 21 17 22 29 23 25 24 17 25 13 26 11
 27 13 28 14 29 16 30 21 31 12
1974/1
  1 37  2 19  3 10  4 17  5 29  6 13  7 15  8 21  9 15 10  7 11 10 12 12 13 12
 14 10 15 11 16 16 17 13 18 13 19 16 20 16 21 22 22 22 23 14 24 19 25 19 26 24
 27 30 28 11 29 12 30 13 31 13
1974/2
  1 17  2 17  3 11  4 27  5 23  6 30  7 21  8 15  9 28 10 24 11 15 12 15 13 27
 14  6 15 14 16 11 17 36 18 16 19 19 20 35 21 11 22 15 23 17 24 28 25 33 26 15
 27 16 28 14
1974/3
  1 13  2 17  3 28  4 15  5 12  6 19  7 25  8 27  9 25 10  9 11  9 12 18 13 18
 14 17 15 14 16 15 17 17 18 23 19 17 20 15 21 13 22 18 23 27 24 12 25 13 26 20
 27 24 28 14 29 13 30 21 31 28
1974/4
  1 17  2 37  3 29  4 13  5 29  6 29  7 13  8 22  9 28 10 25 11 22 12 20 13 17
 14 18 15 15 16 18 17 14 18 15 19 26 20 19 21 12 22 14 23 17 24 21 25 27 26 22
 27 20 28 20 29 15 30 17
1974/5
  1 14  2 17  3 19  4 17  5 26  6 19  7 14  8 27  9 25 10 25 11 14 12 29 13 23
 14 17 15 18 16 18 17 30 18 28 19 31 20 16 21 13 22 14 23 24 24 22 25 11 26 17
 27 21 28 30 29 23 30 20 31 24
1974/6
  1 16  2 20  3 15  4 17  5 22  6 21  7 26  8 20  9 11 10 15 11 19 12 17 13 22
 14 23 15 24 16 24 17 31 18 19 19 22 20 20 21 21 22 25 23 32 24 34 25 18 26 26
 27 34 28 18 29 24 30 22
1974/7
  1 46  2 28  3 16  4 19  5 26  6 22  7 21  8 16  9 14 10 17 11 16 12 21 13 27
 14 26 15 33 16 21 17 26 18 17 19 24 20 16 21 26 22 23 23 14 24 15 25 20 26 38
 27 38 28 20 29 22 30 22 31 16
1974/8
  1 28  2 16  3 17  4 20  5 19  6 17  7 16  8 16  9 17 10 15 11 15 12 15 13 12
 14 21 15 16 16 18 17 17 18 20 19 19 20 18 21 20 22 24 23 37 24 30 25 31 26 26
 27 23 28 18 29 16 30 18 31 19
1974/9
  1 17  2 30  3 25  4 10  5 25  6 22  7 11  8 10  9 20 10 13 11 19 12 22 13 22
 14 21 15 22 16 18 17 30 18 24 19 25 20 26 21 27 22 34 23 31 24 25 25 20 26 20
 27 17 28 10 29 12 30 12
1974/10
  1 14  2 17  3 20  4 18  5 17  6 26  7 12  8 22  9 14 10 22 11 24 12 16 13 15
 14 16 15 27 16 25 17 24 18 23 19 24 20 22 21 25 22 23 23 16 24 16 25 28 26 24
 27 14 28 20 29 24 30 17 31  9
1974/11
  1 13  2 23  3 12  4 10  5 14  6 14  7 23  8 14  9 16 10 11 11 13 12 23 13 12
 14 13 15 14 16  9 17 12 18 16 19  9 20 20 21 11 22 19 23 12 24 30 25 25 26 12
 27 19 28 21 29 14 30 16
1974/12
  1 14  2  9  3 12  4 19  5 19  6 14  7 13  8 23  9 18 10 12 11 10 12 10 13 17
 14  9 15 14 16 10 17 14 18 12 19 11 20 10 21 11 22 22 23 24 24 10 25 30 26 11
 27 23 28 27 29 17 30 11 31 20
1975/1
  1 27  2 24  3  9  4 13  5 11  6 14  7  9  8 30  9 32 10 16 11 19 12 17 13 17
 14 11 15 13 16 15 17 14 18 16 19 18 20 17 21 27 22 28 23 25 24 13 25 14 26 12
 27 24 28 22 29 11 30 17 31  9
1975/2
  1 10  2 11  3 17  4 13  5 12  6 10  7 15  8 14  9 17 10 23 11 11 12 12 13 16
 14 26 15 34 16 22 17 31 18 13 19 10 20 20 21 36 22 16 23 11 24 13 25 17 26 13
 27 17 28 15
1975/3
  1 20  2 14  3 12  4 18  5 34  6 19  7 27  8 36  9 31 10 25 11 27 12 17 13 11
 14 34 15 12 16 19 17 16 18 13 19 17 20 19 21 17 22 29 23 23 24 12 25 33 26 29
 27 20 28 12 29 14 30 15 31 27
1975/4
  1 33  2 12  3 17  4 25  5 21  6 29  7 26  8 19  9 29 10 11 11 17 12 19 13 14
 14 20 15 19 16 29 17 27 18 13 19 13 20 12 21 19 22 20 23 18 24 14 25 21 26 28
 27 14 28 18 29 18 30 16
1975/5
  1 25  2 16  3 19  4 27  5 28  6 14  7 14  8 15  9 14 10 17 11 15 12 25 13 16
 14 14 15 27 16 26 17 27 18 22 19 22 20 37 21 28 22 14 23 16 24 16 25 17 26 17
 27 22 28 29 29 25 30 13 31 19
1975/6
  1 17  2 20  3 26  4 17  5 19  6 16  7 22  8 21  9 18 10 24 11 15 12 20 13 16
 14 22 15 15 16 21 17 26 18 27 19 23 20 25 21 20 22 19 23 20 24 26 25 21 26 13
 27 21 28 19 29 19 30 21
1975/7
  1 19  2 29  3 19  4 25  5 21  6 22  7 28  8 20  9 19 10 28 11 28 12 33 13 18
 14 16 15 15 16 35 17 16 18 30 19 15 20 21 21 24 22 23 23 19 24 48 25 40 26 33
 27 17 28 16 29 16 30 15 31 13
1975/8
  1 17  2 19  3 18  4 14  5 14  6 15  7 16  8 42  9 19 10 22 11 20 12 18 13 26
 14 17 15 17 16 19 17 19 18 17 19 22 20 17 21 19 22 30 23 26 24 17 25 15 26 23
 27 16 28 17 29 17 30 15 31 15
1975/9
  1 35  2 28  3 22  4 29  5 27  6 25  7 22  8 20  9 11 10 15 11 20 12 30 13 29
 14 17 15 10 16 13 17 15 18 18 19 17 20 12 21 21 22 34 23 34 24 26 25 22 26 14
 27 15 28 10 29 22 30 30
1975/10
  1 20  2 22  3 23  4 18  5 14  6 16  7 25  8 16  9 13 10 17 11 20 12 31 13 14
 14 15 15 14 16 11 17 13 18 13 19 26 20 21 21 17 22 17 23 23 24 16 25  9 26 14
 27 15 28 12 29 18 30 24 31 22
1975/11
  1 10  2 11  3 11  4 25  5 13  6 17  7 12  8 14  9 10 10 20 11 14 12 22 13 30
 14 13 15 13 16 13 17 19 18 28 19 13 20 14 21 16 22 29 23 17 24 23 25 17 26 14
 27 36 28 45 29 45 30 14
1975/12
  1 13  2 15  3 13  4 13  5 12  6 21  7 17  8 14  9 21 10 16 11 15 12 21 13 20
 14 21 15 21 16  9 17 11 18 24 19 26 20 19 21 12 22 10 23 17 24 13 25 12 26 14
 27 10 28 23 29 11 30 17 31 28
1976/1
  1 14  2  9  3 25  4 11  5 12  6 13  7 11  8 19  9 15 10 15 11 13 12 16 13 12
 14 17 15 12 16 19 17 29 18 15 19 27 20 30 21 34 22 23 23 14 24 22 25 19 26  9
 27 17 28 20 29 14 30 16 31 16
1976/2
  1 30  2 14  3 20  4 25  5 23  6 15  7 11  8 13  9 31 10 15 11 17 12 11 13 17
 14 11 15 30 16 17 17 17 18 14 19 21 20 25 21 18 22 35 23 25 24 19 25 10 26 15
 27 17 28 15 29 17
1976/3
  1 25  2 31  3 36  4 10  5 17  6 14  7 20  8 12  9 12 10 21 11 17 12 30 13 14
 14 17 15 17 16 20 17 13 18 17 19 23 20 12 21 17 22 25 23 22 24 13 25 24 26 15
 27 26 28 28 29 38 30 13 31 19
1976/4
  1 19  2 17  3 17  4 21  5 25  6 20  7 14  8 22  9 15 10 16 11 25 12 29 13 26
 14 36 15 26 16 34 17 15 18 17 19 15 20 12 21 16 22 19 23 20 24 14 25 23 26 28
 27 26 28 19 29 17 30 18
1976/5
  1 34  2 17  3 32  4 38  5 13  6 19  7 31  8 17  9 13 10 17 11 17 12 22 13 22
 14 15 15 19 16 17 17 30 18 26 19 26 20 19 21 18 22 19 23 16 24 27 25 21 26 10
 27 20 28 20 29 25 30 17 31 15
1976/6
  1 15  2 16  3 20  4 26  5 16  6 20  7 24  8 20  9 21 10 24 11 17 12 17 13 24
 14 21 15 16 16 22 17 23 18 17 19 14 20 19 21 23 22 31 23 20 24 19 25 12 26 17
 27 18 28 31 29 35 30 29
1976/7
  1 17  2 20  3 17  4 17  5 34  6 19  7 24  8 17  9 30 10 29 11 30 12 25 13 17
 14 17 15 19 16 25 17 14 18 14 19 17 20 20 21 25 22 13 23 22 24 17 25 21 26 32
 27 26 28 19 29 20 30 15 31 11
1976/8
  1 13  2 15  3 19  4 18  5 14  6 15  7 33  8 23  9 12 10 27 11 17 12 18 13 18
 14 24 15 20 16 18 17 17 18 13 19 30 20 20 21 15 22 32 23 12 24 30 25 12 26 28
 27 21 28 17 29 25 30 13 31 27
1976/9
  1 29  2 24  3 17  4 22  5 30  6 22  7 12  8 25  9 29 10 30 11 15 12 10 13 13
 14 15 15 17 16 19 17 21 18 22 19 15 20 13 21 29 22 17 23 23 24 17 25 28 26 20
 27 12 28 11 29 24 30 20
1976/10
  1 21  2 22  3 17  4 11  5 15  6 15  7 26  8 35  9 27 10 23 11 13 12 16 13 23
 14 16 15 12 16 11 17 15 18 17 19 17 20 27 21 26 22 14 23 17 24 17 25 11 26 20
 27 22 28 26 29 16 30 11 31 10
1976/11
  1 21  2 25  3 24  4 22  5 25  6 14  7 18  8 25  9 13 10 15 11 13 12 30 13 23
 14 13 15 13 16 18 17 28 18 26 19 14 20 10 21 13 22 13 23 11 24 18 25 16 26 25
 27 26 28 10 29 17 30 21
1976/12
  1 34  2 34  3 19  4 12  5 14  6 14  7  7  8 17  9 16 10 16 11 23 12 22 13 22
 14 18 15 24 16 35 17 25 18 10 19 10 20 19 21 25 22 11 23 13 24 22 25 16 26 23
 27 17 28 17 29 10 30  8 31 23
1977/1
  1 11  2  7  3 22  4  9  5 19  6 14  7 11  8 23  9 13 10 10 11 11 12 14 13 11
 14 13 15 11 16 16 17 13 18 33 19 22 20 17 21 14 22 17 23 13 24  9 25 15 26  9
 27 17 28 10 29 25 30 13 31 18
1977/2
  1 14  2 16  3 15  4 16  5 18  6 10  7 10  8 20  9 17 10 17 11 17 12 20 13 15
 14 15 15 27 16 13 17 13 18 14 19 13 20 13 21 15 22 33 23 15 24 34 25 31 26 17
 27 14 28 30
1977/3
  1 31  2 19  3 17  4 17  5 17  6 15  7 25  8 12  9 30 10 38 11 20 12 11 13 17
 14 19 15 10 16 23 17 21 18 17 19 15 20 20 21 10 22 17 23 17 24 25 25 30 26 17
 27 18 28 22 29 21 30 19 31 24
1977/4
  1 24  2 28  3 22  4 17  5 11  6 14  7 14  8 12  9 21 10 26 11 11 12 12 13 16
 14 33 15 34 16 10 17 14 18 20 19 31 20 24 21 14 22 17 23 29 24 24 25 12 26 15
 27 25 28 20 29 16 30 26
1977/5
  1 22  2 15  3 22  4 25  5 18  6 25  7 20  8 26  9 29 10 17 11 16 12 24 13 28
 14 14 15 23 16 23 17 27 18 20 19 20 20 22 21 18 22 17 23 20 24 29 25 18 26 17
 27 18 28 17 29 19 30 17 31 19
1977/6
  1 32  2 26  3 33  4 27  5 24  6 26  7 28  8 16  9 24 10 21 11 22 12 16 13 18
 14 21 15 16 16 17 17 21 18 23 19 24 20 24 21 19 22 25 23 12 24 18 25 21 26 19
 27 17 28 21 29 25 30 22
1977/7
  1 17  2 29  3 20  4 17  5 18  6 17  7 17  8 17  9 19 10 35 11 26 12 31 13 17
 14 24 15 24 16 26 17 28 18 20 19 26 20 20 21 13 22 31 23 18 24 14 25 26 26 26
 27 29 28 27 29 14 30 23 31 43
1977/8
  1 40  2 28  3 28  4 14  5 13  6 25  7 21  8 26  9 27 10 18 11 32 12 29 13 14
 14 23 15 33 16 18 17 12 18 14 19 26 20 14 21 25 22 28 23 15 24 14 25 16 26 20
 27 21 28 12 29 17 30 16 31 17
1977/9
  1 19  2 24  3 18  4 22  5 26  6 13  7 16  8 13  9 29 10 28 11 29 12 17 13 16
 14 12 15 17 16 18 17 18 18 13 19 20 20 21 21 17 22 17 23 10 24 14 25 15 26 20
 27 19 28 16 29 23 30 18
1977/10
  1 12  2 18  3 26  4 20  5 16  6 20  7 11  8  9  9 16 10 12 11  9 12 29 13 19
 14 10 15 22 16 21 17 22 18 12 19 17 20 27 21 12 22 12 23 11 24 12 25 14 26 16
 27 13 28 14 29 14 30 12 31 17
1977/11
  1 17  2 11  3 14  4 17  5 17  6 27  7 14  8 17  9 13 10 26 11 26 12 13 13 14
 14 13 15 13 16 12 17 13 18 17 19 30 20 12 21 10 22 13 23 19 24 11 25 13 26 11
 27 17 28 26 29 10 30 14
1977/12
  1 12  2 11  3 12  4 10  5 12  6 14  7 14  8 14  9 13 10 12 11 12 12 18 13 12
 14 11 15 16 16 14 17 12 18 18 19 19 20 33 21 42 22 18 23 12 24  7 25  9 26  7
 27  8 28 13 29 14 30 11 31  9
1978/1
  1 14  2 10  3 12  4 13  5 11  6 16  7 13  8 23  9 15 10 33 11 11 12 10 13  9
 14 16 15 25 16 12 17 17 18  8 19 24 20 14 21  9 22 12 23 26 24 19 25 10 26 10
 27 11 28 10 29 11 30 17 31 13
1978/2
  1 12  2 13  3 14  4 26  5 33  6 16  7  9  8 13  9 12 10 30 11 16 12 17 13 31
 14 24 15 12 16 25 17 15 18 16 19 25 20 12 21 22 22 23 23 15 24 16 25 13 26 19
 27 17 28 17
1978/3
  1 27  2 24  3 19  4 20  5 23  6 19  7 15  8 10  9 20 10 26 11 16 12 28 13 12
 14 15 15 10 16 28 17 21 18 12 19 16 20 13 21 17 22 22 23 12 24 11 25 13 26 13
 27 15 28 16 29 11 30 11 31 27
1978/4
  1 24  2 23  3 15  4 21  5 11  6 21  7 33  8 34  9 21 10 16 11 15 12 17 13 21
 14 22 15 21 16 24 17 14 18 12 19 21 20 17 21 28 22 13 23 14 24 13 25 20 26 24
 27 18 28 17 29 20 30 23
1978/5
  1 19  2 23  3 24  4 23  5 34  6 24  7 16  8 11  9 18 10 24 11 15 12 12 13 17
 14 16 15 23 16 22 17 11 18 16 19 18 20 20 21 21 22 19 23 24 24 18 25 26 26 19
 27 14 28 17 29 17 30 20 31 24
1978/6
  1 23  2 19  3 18  4 22  5 17  6 29  7 16  8 13  9 18 10 26 11 26 12 17 13 17
 14 24 15 25 16 20 17 19 18 18 19 24 20 22 21 16 22 17 23 18 24 19 25 22 26 27
 27 33 28 27 29 28 30 17
1978/7
  1 17  2 20  3 19  4 19  5 22  6 15  7 26  8 38  9 34 10 27 11 25 12 13 13 24
 14 22 15 26 16 28 17 27 18 16 19 24 20 29 21 35 22 21 23 24 24 23 25 22 26 22
 27 24 28 25 29 28 30 29 31 17
1978/8
  1 40  2 15  3 37  4 26  5 19  6 19  7 37  8 35  9 17 10 25 11 28 12 15 13 13
 14 16 15 14 16 20 17 19 18 25 19 26 20 31 21 15 22 23 23 20 24 26 25 13 26 18
 27 19 28 19 29 16 30 23 31 26
1978/9
  1 18  2 20  3 17  4 26  5 26  6 17  7 22  8 20  9 17 10 15 11 19 12 18 13 18
 14 21 15 18 16 19 17 10 18 22 19 19 20 15 21 34 22 29 23 31 24 27 25 23 26 23
 27 22 28 20 29 12 30 17
1978/10
  1 15  2 17  3 21  4 24  5 21  6 17  7 14  8 14  9 16 10 16 11 17 12 15 13 19
 14 25 15 11 16 13 17 14 18 15 19 23 20 20 21 17 22 15 23 27 24 27 25  9 26 15
 27 22 28 26 29 14 30 18 31 14
1978/11
  1 25  2 22  3 18  4 11  5 13  6 10  7 12  8 20  9 18 10 28 11 35 12 27 13 17
 14 19 15 13 16  9 17 12 18 11 19 11 20 12 21 17 22 17 23 16 24 19 25 12 26 16
 27 13 28 14 29 10 30 10
1978/12
  1 18  2 26  3 18  4  8  5 24  6 30  7 15  8 16  9 17 10 26 11 29 12 22 13 25
 14 23 15 12 16 10 17 17 18 22 19 26 20 11 21 11 22 10 23 11 24 11 25 11 26 12
 27 14 28 12 29  9 30 13 31 19
1979/1
  1 22  2 30  3 26  4 12  5 26  6 11  7 13  8  8  9 21 10  7 11  9 12 25 13 10
 14 17 15 22 16 16 17 26 18 21 19 20 20 14 21 11 22 20 23  9 24 21 25 22 26 23
 27  4 28 22 29 22 30 10 31 12
1979/2
  1 20  2 10  3 13  4 18  5 16  6 11  7 11  8 11  9 12 10 12 11 14 12 12 13 15
 14 21 15 14 16 19 17 11 18 20 19 24 20 10 21 26 22 18 23 28 24 10 25 35 26 26
 27 17 28 12
1979/3
  1 25  2 20  3 15  4 14  5 10  6 13  7 18  8 16  9 15 10 14 11 22 12 14 13 16
 14 15 15 16 16 26 17 27 18 10 19 14 20 19 21 27 22 11 23 13 24 14 25 13 26 16
 27 22 28 26 29 19 30 17 31 17
1979/4
  1 16  2 26  3 17  4 14  5 17  6 19  7 14  8 27  9 25 10 38 11 26 12 22 13 20
 14 15 15 17 16 17 17 24 18 24 19 17 20 16 21 17 22 22 23 22 24 19 25 17 26 20
 27 19 28 15 29 17 30 19
1979/5
  1 20  2 26  3 15  4 10  5 17  6 28  7 26  8 27  9 22 10 18 11 13 12 17 13 21
 14 16 15 19 16 19 17 18 18 35 19 19 20 19 21 13 22 15 23 26 24 24 25 22 26 22
 27 20 28 17 29 19 30 17 31 18
1979/6
  1 17  2 20  3 30  4 29  5 20  6 21  7 25  8 24  9 16 10 28 11 29 12 21 13 24
 14 30 15 34 16 31 17 30 18 29 19 16 20 15 21 16 22 18 23 16 24 12 25 14 26 24
 27 19 28 29 29 21 30 23
1979/7
  1 26  2 25  3 17  4 18  5 14  6 22  7 20  8 23  9 18 10 22 11 19 12 20 13 17
 14 34 15 31 16 26 17 24 18 27 19 18 20 17 21 18 22 17 23 18 24 19 25 19 26 22
 27 27 28 24 29 29 30 21 31 17
1979/8
  1 16  2 23  3 34  4 29  5 14  6 19  7 16  8 13  9 29 10 18 11 23 12 19 13 14
 14 29 15 31 16 31 17 26 18 17 19 17 20 17 21 13 22 13 23 17 24 12 25 13 26 17
 27 16 28 19 29 33 30 15 31 16
1979/9
  1 17  2 10  3 17  4 12  5 16  6 31  7 22  8 25  9 27 10 28 11 21 12 14 13 25
 14 28 15 30 16 28 17 24 18 26 19 23 20 10 21 18 22  9 23 11 24 13 25 21 26 14
 27 17 28 10 29 13 30 15
1979/10
  1 14  2 15  3 16  4 13  5 13  6 13  7 19  8 26  9 14 10 13 11 15 12 16 13 14
 14 17 15 11 16 11 17 16 18 12 19 20 20 24 21 25 22 20 23 20 24 12 25 14 26 15
 27 13 28 13 29 34 30 20 31 13
1979/11
  1 12  2 11  3 19  4 18  5 13  6 11  7 25  8 18  9  9 10 12 11 13 12 22 13 25
 14 25 15 24 16 22 17 20 18 16 19 29 20 23 21 16 22 12 23 17 24 12 25 12 26 22
 27 11 28 11 29 30 30 19
1979/12
  1 26  2 35  3 17  4 21  5 17  6 13  7 14  8 14  9 12 10 17 11 13 12 22 13 14
 14 33 15 25 16 20 17 33 18 20 19  9 20 17 21 25 22 26 23 10 24 26 25 14 26 26
 27 10 28 12 29 24 30 10 31  9
