
Denver,		CO	     23062	1965/1--1979/11

1965/1
  1 12  2 12  3 22  4 25  5 22  6 18  7 26  8 14  9 14 10 19 11 14 12 25 13 38
 14 32 15 16 16 15 17 20 18 16 19 15 20 11 21 15 22 16 23 19 24 27 25 31 26 30
 27 43 28 32 29 34 30 20 31 37
1965/2
  1 14  2 12  3 12  4 14  5 16  6 12  7 26  8 12  9 22 10 20 11 14 12 14 13 18
 14 28 15 19 16 15 17 15 18 16 19 19 20 31 21 18 22 34 23 20 24 28 25 19 26 23
 27 14 28 20
1965/3
  1 24  2 15  3 16  4 15  5 25  6 15  7 18  8 12  9 13 10 11 11 16 12 16 13 12
 14 24 15 12 16 28 17 22 18 16 19 13 20 15 21 22 22 28 23 14 24 12 25 11 26 19
 27 20 28 18 29 12 30 12 31 14
1965/4
  1 28  2 28  3 18  4 13  5 15  6 19  7 32  8 25  9 33 10 27 11 24 12 26 13 32
 14 27 15 14 16 16 17 26 18 25 19 31 20 20 21 26 22 23 23 22 24 19 25 23 26 19
 27 16 28 15 29 16 30 14
1965/5
  1 19  2 33  3 22  4 27  5 30  6 25  7 27  8 38  9 22 10 21 11 19 12 16 13 25
 14 28 15 21 16 14 17 22 18 25 19 26 20 20 21 21 22 27 23 46 24 23 25 22 26 23
 27 15 28 18 29 14 30 15 31 27
1965/6
  1 28  2 30  3 22  4 25  5 24  6 26  7 42  8 19  9 28 10 24 11 20 12 12 13 31
 14 31 15 26 16 32 17 37 18 28 19 13 20 16 21 19 22 15 23 25 24 26 25 31 26 30
 27 24 28 14 29 15 30 19
1965/7
  1 32  2 44  3 13  4 25  5 19  6 13  7 30  8 30  9 26 10 18 11 20 12 27 13 19
 14 25 15 18 16 23 17 18 18 25 19 20 20 37 21 21 22 27 23 19 24 21 25 61 26 23
 27 24 28 12 29 10 30 20 31 12
1965/8
  1 14  2 10  3 24  4 27  5 24  6 23  7 10  8 16  9 19 10 13 11 16 12 18 13 16
 14 31 15 13 16 21 17 25 18 20 19 15 20 14 21 21 22 12 23 24 24 13 25 16 26 19
 27 13 28 26 29 25 30 33 31 14
1965/9
  1 14  2 32  3 24  4 24  5 15  6 21  7 14  8 22  9 25 10 27 11 21 12 15 13 13
 14 44 15 22 16 24 17 18 18 12 19 12 20 15 21 23 22 23 23 14 24 12 25 25 26 18
 27 27 28 19 29 23 30 12
1965/10
  1 13  2 12  3 16  4 11  5 14  6 16  7 22  8 15  9 13 10 19 11 12 12 14 13 15
 14 13 15 23 16 18 17 11 18 27 19 23 20 10 21 11 22 10 23 11 24 12 25 11 26  8
 27 15 28 11 29 15 30 13 31 18
1965/11
  1 14  2 14  3 19  4 14  5 16  6 10  7 10  8 15  9 31 10  9 11 30 12 26 13 25
 14 19 15 36 16 15 17 10 18 12 19 23 20 15 21 26 22 15 23 37 24 19 25 21 26 36
 27 35 28 14 29 12 30 15
1965/12
  1 11  2 24  3 24  4 35  5 10  6 11  7 16  8 10  9  9 10  9 11 15 12 16 13 11
 14 14 15 10 16 12 17 11 18 14 19 32 20 14 21 19 22 24 23 13 24 13 25 28 26 20
 27 13 28 16 29 22 30 36 31 20
1966/1
  1 22  2 15  3 15  4 16  5 14  6 23  7 22  8 15  9 33 10 19 11 26 12 14 13 16
 14 18 15 25 16 13 17 13 18 10 19 18 20 10 21 14 22 14 23 19 24 21 25 21 26 16
 27 11 28 13 29 12 30 14 31 14
1966/2
  1 12  2 19  3 15  4 11  5 15  6 15  7 13  8 21  9 16 10 12 11 16 12 26 13 22
 14 19 15 13 16 28 17 31 18 27 19 14 20 13 21 11 22 11 23 12 24 14 25 10 26 11
 27 28 28 21
1966/3
  1 19  2 20  3 35  4 28  5 13  6 24  7 24  8 19  9 15 10 26 11 14 12 13 13 13
 14 14 15 15 16 35 17 46 18 32 19 13 20 32 21 46 22 40 23 10 24 13 25 18 26 11
 27 19 28 16 29 15 30 12 31 27
1966/4
  1 16  2 49  3 35  4 19  5 28  6 26  7 37  8 14  9 21 10 31 11 25 12 21 13 26
 14 11 15 15 16 22 17 20 18 34 19 19 20 11 21 16 22 22 23 32 24 12 25 23 26 28
 27 45 28 26 29 20 30 16
1966/5
  1 14  2 21  3 24  4 18  5 16  6 21  7 26  8 36  9 19 10 32 11 30 12 13 13 24
 14 32 15 20 16 21 17 28 18 24 19 19 20 16 21 19 22 26 23 24 24 11 25 14 26 22
 27 32 28 28 29 15 30 20 31 23
1966/6
  1 30  2 28  3 15  4 21  5 24  6 21  7 28  8 18  9 27 10 21 11 22 12 22 13 20
 14 26 15 27 16 14 17 13 18 18 19 28 20 28 21 16 22 32 23 32 24 20 25 20 26 35
 27 21 28 19 29 32 30 21
1966/7
  1 27  2 16  3 20  4 14  5 18  6 21  7 24  8 25  9 30 10 31 11 31 12 19 13 37
 14 20 15 23 16 24 17 22 18 23 19 21 20 28 21 24 22 15 23 25 24 20 25 15 26 19
 27 25 28 20 29 24 30 22 31 22
1966/8
  1 18  2 19  3 21  4 30  5 22  6 33  7 36  8 16  9 22 10 24 11 25 12 21 13 20
 14 33 15 19 16 23 17 30 18 34 19 32 20 21 21 21 22 21 23 24 24 13 25 13 26 22
 27 19 28 20 29 22 30 24 31 20
1966/9
  1 19  2 14  3 16  4 13  5 18  6 19  7 35  8 14  9 19 10 26 11 24 12 24 13 15
 14 27 15 24 16 16 17 14 18  9 19 12 20 13 21 14 22 15 23 14 24 22 25 20 26 20
 27 18 28 14 29 40 30 19
1966/10
  1 14  2 25  3 22  4 15  5 10  6 12  7 24  8 16  9 14 10 13 11 36 12 14 13 31
 14 36 15 12 16 12 17 24 18 30 19 15 20 18 21 31 22 16 23 14 24 13 25 13 26 12
 27 14 28 18 29 10 30 22 31 22
1966/11
  1 10  2 25  3 19  4 21  5 15  6 20  7 13  8 23  9  9 10 21 11 19 12 24 13 13
 14 21 15 19 16 15 17 20 18 10 19  9 20 19 21 15 22 11 23  9 24 18 25 19 26 21
 27 10 28 12 29 18 30 13
1966/12
  1 11  2 12  3 12  4 18  5 27  6 19  7 15  8 19  9 14 10 15 11 14 12 15 13 15
 14 18 15 13 16 21 17 15 18 13 19 19 20 18 21 12 22 14 23 14 24 13 25  9 26 11
 27 18 28 15 29 14 30 13 31 19
1967/1
  1 34  2 25  3 44  4 32  5 20  6 35  7 14  8 19  9 13 10 15 11 28 12 19 13 31
 14 20 15 25 16 34 17 21 18 28 19 21 20 21 21 16 22 35 23 18 24 26 25 19 26 11
 27 21 28 14 29 15 30 27 31 28
1967/2
  1 15  2 18  3 19  4 44  5 35  6 28  7 36  8 16  9 43 10 32 11 25 12 35 13 27
 14 37 15 30 16 30 17 34 18 23 19 15 20 16 21 42 22 33 23 30 24 18 25 12 26 28
 27 12 28 21
1967/3
  1 20  2 37  3 13  4 19  5 14  6 32  7 28  8 21  9 21 10 14 11 19 12 20 13 33
 14 38 15 11 16 28 17 12 18 10 19 27 20 20 21 30 22 11 23 14 24 32 25 15 26 16
 27 16 28 19 29 42 30 28 31 34
1967/4
  1 20  2 19  3 11  4 27  5 35  6 19  7 15  8 26  9 24 10 27 11 34 12 39 13 31
 14 24 15 24 16 39 17 21 18 28 19 38 20 28 21 28 22 26 23 30 24 21 25 26 26 26
 27 16 28 23 29 44 30 46
1967/5
  1 21  2 20  3 20  4 18  5 19  6 27  7 36  8 13  9 14 10 31 11 23 12 19 13 32
 14 15 15 28 16 14 17 16 18 24 19 34 20  9 21 19 22 16 23 19 24 20 25 31 26 30
 27  9 28 14 29 19 30 32 31 18
1967/6
  1 21  2 18  3 20  4 25  5 25  6 28  7 24  8 24  9 28 10 26 11 20 12 33 13 23
 14 19 15 19 16 22 17 13 18 26 19 18 20 38 21 19 22 28 23 22 24 11 25 20 26 36
 27 19 28 34 29  8 30 13
1967/7
  1 19  2 13  3 28  4 33  5 22  6 21  7 22  8 24  9 20 10 23 11 28 12 10 13 11
 14 31 15 22 16 18 17 18 18 18 19 10 20 25 21 14 22 30 23 24 24 19 25 25 26 30
 27 22 28 11 29 18 30 15 31 18
1967/8
  1 15  2 24  3 15  4 19  5 28  6 33  7 20  8 19  9 27 10 10 11 15 12 20 13 18
 14 26 15 25 16 13 17 25 18 32 19 19 20 16 21 13 22 25 23 14 24 16 25 31 26 18
 27 26 28 27 29 24 30 26 31 19
1967/9
  1 18  2 13  3 19  4 19  5 22  6 14  7 21  8 19  9 24 10 23 11 44 12 26 13 22
 14 21 15 19 16 18 17 31 18 19 19 10 20 13 21 18 22 13 23 19 24 13 25 24 26 20
 27  8 28 15 29 13 30 15
1967/10
  1 13  2 22  3 25  4 21  5 22  6 16  7 11  8 12  9 15 10 11 11 15 12 30 13 16
 14 20 15 19 16 14 17 14 18 13 19 26 20 10 21 15 22 15 23 40 24 12 25 23 26 23
 27 20 28 30 29 28 30 10 31 11
1967/11
  1 23  2 27  3 10  4 13  5 13  6 10  7 14  8 13  9 11 10 33 11 24 12 14 13 19
 14 11 15 13 16 22 17 13 18 13 19 21 20 25 21 18 22 14 23 19 24 14 25 26 26 19
 27 10 28 14 29 14 30 23
1967/12
  1 23  2 15  3 14  4 21  5 20  6 46  7  9  8 27  9 24 10 14 11 39 12 13 13  9
 14 13 15 10 16 28 17 24 18 13 19 15 20 24 21 35 22 33 23 24 24 32 25 14 26 28
 27 15 28 19 29 18 30 22 31 18
1968/1
  1 14  2 19  3 32  4 20  5 16  6 18  7 10  8 18  9 11 10 14 11 19 12 13 13  8
 14 12 15 13 16 13 17 19 18 14 19 14 20 16 21 12 22 16 23 15 24 14 25 15 26 13
 27 14 28 30 29 13 30 22 31 31
1968/2
  1 35  2 19  3 19  4 13  5 12  6 10  7 18  8 12  9 14 10 19 11 15 12 23 13  8
 14  9 15 11 16 19 17 18 18 24 19 33 20 21 21 16 22 14 23 15 24 42 25 25 26 11
 27 15 28 14 29 15
1968/3
  1 13  2 18  3 12  4 14  5 15  6 19  7 30  8 27  9 15 10 20 11 10 12 16 13 19
 14 24 15 28 16 14 17 32 18 27 19 19 20 13 21 15 22 19 23 21 24 32 25 19 26 26
 27 20 28 16 29 14 30 39 31 21
1968/4
  1 20  2 34  3 37  4 19  5 14  6 34  7 36  8 19  9 15 10 16 11 16 12 19 13 32
 14 28 15 30 16 24 17 18 18 13 19 34 20 31 21 34 22 28 23 14 24 16 25 22 26 24
 27 20 28 11 29 12 30 14
1968/5
  1 13  2 37  3 19  4 16  5 19  6 34  7 33  8 22  9 19 10 32 11 19 12 30 13 33
 14 28 15 27 16 19 17 25 18 26 19 14 20 15 21 24 22 19 23 25 24 25 25 22 26 24
 27 19 28 15 29 34 30 27 31 24
1968/6
  1 14  2 14  3 28  4 32  5 24  6 23  7 18  8 27  9 24 10 19 11 14 12 24 13 22
 14 32 15 23 16 19 17 16 18 25 19 30 20 32 21 22 22 23 23 27 24 31 25 21 26 13
 27 19 28 15 29 24 30 18
1968/7
  1 18  2 26  3 19  4 25  5 11  6 15  7 19  8 28  9 23 10 33 11 20 12 27 13 28
 14 19 15 28 16 27 17 27 18 19 19 32 20 28 21 20 22 32 23 33 24 21 25 19 26 23
 27 14 28 15 29 40 30 33 31 26
1968/8
  1 19  2 21  3 25  4 19  5 19  6 16  7 26  8 19  9 19 10 16 11 20 12 18 13 28
 14 28 15 15 16 24 17 28 18 14 19 19 20 16 21 33 22 23 23 24 24 15 25 32 26 19
 27 20 28 35 29 21 30 13 31 11
1968/9
  1 14  2 22  3 12  4 12  5 16  6 11  7 32  8 14  9  9 10 19 11 19 12 30 13 25
 14 19 15 23 16 28 17 15 18 12 19 19 20 28 21 30 22 19 23 12 24 10 25 12 26 15
 27 13 28 19 29 11 30 19
1968/10
  1 31  2 13  3 13  4 21  5 19  6 12  7 19  8 14  9 16 10 14 11 18 12 16 13 15
 14 24 15 37 16 33 17 26 18 21 19 12 20 19 21 28 22 26 23 19 24 12 25 12 26 34
 27 10 28 12 29 19 30 24 31 30
1968/11
  1 10  2 15  3  9  4 19  5 14  6 11  7 10  8 10  9 25 10 30 11 26 12 19 13 19
 14 19 15 10 16 24 17 14 18 10 19 13 20 13 21 14 22 20 23 25 24 18 25 35 26 10
 27 13 28 19 29 14 30 13
1968/12
  1 14  2 28  3 38  4 36  5 18  6 28  7 12  8 25  9 16 10 14 11 35 12 43 13 15
 14 10 15 15 16 11 17 16 18 19 19 14 20 13 21 20 22 24 23 13 24 16 25 11 26 14
 27 28 28 33 29 15 30 27 31 30
1969/1
  1 24  2 31  3 10  4 19  5 38  6 35  7 35  8 50  9 18 10 20 11 15 12 19 13 13
 14 14 15 14 16 26 17 14 18 15 19 19 20 25 21 18 22 21 23 15 24 13 25  8 26 24
 27 20 28 16 29 24 30 26 31 27
1969/2
  1 31  2 35  3 24  4 20  5 21  6 19  7 19  8 16  9 14 10 19 11 13 12 10 13  8
 14 19 15 18 16 14 17 11 18 12 19 16 20 19 21 13 22 15 23 10 24 19 25 24 26 19
 27 20 28 11
1969/3
  1 15  2 15  3 19  4 14  5 11  6 19  7 27  8  9  9 10 10 10 11  9 12 16 13 12
 14 11 15 14 16 13 17 13 18 22 19 40 20 13 21 14 22 21 23 39 24 31 25 18 26 20
 27 31 28 26 29 19 30 16 31 15
1969/4
  1 20  2 32  3 31  4 26  5 19  6 30  7 36  8 28  9 20 10 26 11 24 12 24 13 19
 14 23 15 23 16 20 17 14 18 19 19 22 20 19 21 10 22 32 23 40 24 31 25 34 26 25
 27 23 28 19 29 15 30 18
1969/5
  1 19  2 20  3 27  4 22  5 19  6 27  7 19  8 15  9 13 10  8 11 13 12 14 13 12
 14 18 15 15 16 16 17 13 18 18 19 22 20 16 21 14 22 15 23 15 24 10 25 14 26 11
 27 19 28 13 29 15 30 15 31 19
1969/6
  1 10  2 13  3 11  4  9  5 16  6 18  7 15  8 23  9 19 10 44 11 13 12 20 13 22
 14  9 15 10 16 14 17 13 18  9 19 15 20 19 21 36 22 18 23 18 24 27 25 25 26 23
 27 19 28 23 29 13 30  9
1969/7
  1 14  2 11  3 13  4 19  5 19  6 14  7 13  8 13  9 18 10 18 11 24 12 20 13 18
 14 43 15 16 16 23 17 13 18 20 19 13 20 13 21 13 22 25 23 18 24 24 25 10 26 15
 27 14 28 13 29 25 30 20 31 20
1969/8
  1 13  2 11  3 10  4  9  5 23  6 19  7 15  8 25  9 15 10  9 11 19 12 22 13 16
 14 19 15 10 16 26 17 27 18 19 19 11 20 15 21 13 22 14 23 10 24  9 25 16 26  9
 27 10 28 15 29 27 30 10 31 18
1969/9
  1 11  2 13  3 19  4 46  5 25  6 14  7 24  8 23  9 15 10 14 11 18 12 35 13 30
 14 22 15 11 16 22 17 11 18 21 19 21 20 30 21 21 22 13 23 14 24 25 25 15 26 15
 27 19 28 22 29 16 30 44
1969/10
  1 35  2 32  3 15  4 13  5 15  6 23  7 12  8 19  9 27 10 24 11 25 12 13 13 10
 14  9 15 19 16 11 17 12 18  9 19 16 20 14 21 15 22 25 23  8 24 13 25 19 26 12
 27  9 28 19 29 28 30 12 31 13
1969/11
  1 24  2 13  3 14  4 16  5 16  6 12  7 24  8 16  9 10 10 12 11 18 12 34 13 21
 14 19 15 16 16 22 17 23 18 14 19 23 20 14 21 19 22 16 23 14 24 16 25 13 26 20
 27 14 28 12 29 12 30 12
1969/12
  1 12  2 14  3 13  4  9  5 19  6 12  7 14  8 16  9 11 10 28 11 33 12 21 13 22
 14 12 15 14 16 16 17 14 18  9 19  9 20 36 21 34 22 46 23 16 24 10 25 14 26 16
 27 13 28 10 29 11 30 22 31 13
1970/1
  1 13  2 14  3 24  4 16  5 11  6 12  7 11  8  7  9 10 10 20 11 16 12 14 13 15
 14 15 15 12 16 11 17 15 18 26 19 32 20 27 21 11 22 32 23 33 24 37 25 33 26 26
 27 33 28 42 29 28 30 19 31 18
1970/2
  1 28  2 13  3 44  4 19  5 20  6 19  7 19  8 18  9 15 10 24 11 14 12 27 13 18
 14 20 15 15 16 15 17 31 18 32 19 12 20 16 21 12 22 28 23 25 24 19 25 16 26 20
 27 13 28 20
1970/3
  1 23  2 31  3 19  4 12  5 20  6 18  7 21  8 19  9 25 10 16 11 12 12 10 13 11
 14 19 15 21 16 11 17 25 18 24 19 15 20 15 21 19 22 15 23 34 24 44 25 28 26 22
 27 28 28 19 29 20 30 20 31 18
1970/4
  1 25  2 23  3 20  4 19  5 22  6 15  7 23  8 25  9 20 10 16 11 27 12 31 13 30
 14 40 15 35 16 19 17 18 18 27 19 30 20 32 21 21 22 18 23 28 24 21 25 15 26 32
 27 24 28 32 29 22 30 24
1970/5
  1 25  2 14  3 14  4 14  5 25  6 32  7 36  8 30  9 28 10 25 11 28 12 26 13 22
 14 31 15 13 16 12 17 27 18 25 19 30 20 25 21 28 22 23 23 25 24 33 25 20 26 25
 27 34 28 31 29 27 30 27 31 28
1970/6
  1 19  2 20  3 19  4 14  5 15  6 33  7 28  8 24  9 25 10 22 11 40 12 19 13 27
 14 24 15 25 16 28 17 19 18 28 19 13 20 18 21 16 22 24 23 31 24 12 25 16 26 11
 27 32 28 26 29 27 30 21
1970/7
  1 11  2 22  3 16  4 26  5 28  6 18  7 28  8 19  9 24 10 28 11 33 12 20 13 20
 14 19 15 21 16 11 17 22 18 22 19 21 20 24 21 28 22 28 23 19 24 25 25 35 26 25
 27 34 28 32 29 19 30 35 31 24
1970/8
  1 21  2 28  3 24  4 14  5 16  6 28  7 19  8 32  9 16 10 18 11 24 12 28 13 24
 14 25 15 23 16 11 17 28 18 18 19 20 20 25 21 36 22 18 23 20 24 12 25 18 26 32
 27 31 28 35 29 16 30 22 31 19
1970/9
  1 33  2 33  3 21  4 27  5 19  6 35  7 13  8 12  9 20 10 11 11 27 12 14 13 11
 14 21 15 23 16 20 17 13 18 18 19 12 20 21 21 22 22 19 23 15 24 27 25 15 26 15
 27 10 28 15 29 10 30 11
1970/10
  1 14  2 10  3 10  4 13  5 26  6 28  7 19  8 30  9 13 10 21 11 12 12 11 13 19
 14 19 15 10 16 12 17 12 18 11 19 11 20 16 21 10 22 19 23 13 24 24 25 28 26 15
 27 19 28 28 29 26 30 27 31 12
1970/11
  1 16  2 23  3 18  4 11  5 16  6 21  7 22  8 44  9 22 10 31 11 13 12 19 13 19
 14 19 15 19 16 25 17 14 18 26 19 25 20 15 21 38 22 19 23  8 24 14 25 31 26 20
 27 14 28 16 29 23 30 39
1970/12
  1 31  2 25  3 35  4 33  5 13  6 14  7 12  8 28  9 21 10 26 11 10 12 16 13 16
 14 14 15 19 16 13 17 20 18 14 19 21 20 13 21 15 22 25 23 19 24 34 25 13 26 13
 27 32 28 27 29 16 30 34 31 26
1971/1
  1 19  2 16  3 19  4  8  5 13  6 13  7 18  8 24  9 27 10 18 11 14 12 18 13 28
 14 21 15 23 16 25 17 35 18 11 19 16 20 35 21 38 22 28 23 26 24 31 25 30 26 32
 27 31 28 25 29 37 30 39 31 27
1971/2
  1 10  2 22  3 15  4 20  5 23  6 18  7 18  8 27  9 26 10 35 11 38 12 12 13 27
 14 16 15 20 16 28 17 11 18 19 19 14 20 15 21 15 22 19 23 13 24 13 25 33 26 35
 27 34 28 24
1971/3
  1 19  2 14  3 32  4 24  5 25  6 19  7 14  8 14  9 22 10 28 11 15 12 27 13 26
 14 37 15 28 16 35 17 37 18 35 19 22 20 26 21 16 22 19 23 16 24 25 25 27 26 28
 27 28 28 31 29 22 30 21 31 36
1971/4
  1 24  2 18  3 26  4 19  5 20  6 19  7 23  8 25  9 32 10 27 11 26 12 31 13 20
 14 13 15 25 16 27 17 42 18 51 19 36 20 20 21 27 22 16 23 24 24 20 25 26 26 12
 27 27 28 19 29 16 30 13
1971/5
  1 18  2 15  3 22  4 28  5 33  6 11  7 11  8 36  9 31 10 32 11 16 12  8 13 14
 14 25 15 21 16 32 17 20 18 26 19 21 20 20 21 18 22 37 23 39 24 18 25 23 26 35
 27 14 28 33 29 42 30 22 31 11
1971/6
  1 20  2 21  3 32  4 32  5 20  6 25  7 20  8 27  9 22 10 40 11 39 12 36 13 19
 14 19 15 26 16 24 17 26 18 27 19 22 20 31 21 30 22 30 23 18 24 14 25 26 26 40
 27 25 28 28 29 27 30 46
1971/7
  1 27  2 33  3 24  4 20  5 15  6 40  7 27  8 31  9 25 10 18 11 12 12 18 13 25
 14 28 15 26 16 21 17 33 18 20 19 11 20 19 21 22 22 24 23 27 24 34 25 31 26 16
 27 45 28 32 29 21 30 12 31 20
1971/8
  1 19  2 22  3 13  4 33  5 24  6 24  7 23  8 19  9 27 10 14 11 20 12 28 13 24
 14 23 15 27 16 26 17 19 18 23 19 26 20 21 21 13 22 19 23 28 24 19 25 20 26 18
 27 24 28 24 29 25 30 27 31 14
1971/9
  1 33  2 32  3 38  4 35  5 32  6 20  7 34  8 13  9 14 10 12 11 18 12 16 13 21
 14 28 15 28 16 18 17 13 18 10 19 15 20 28 21 14 22  9 23 16 24 19 25 16 26 20
 27 16 28 28 29 36 30 36
1971/10
  1 36  2 28  3 13  4 11  5 11  6 11  7 25  8 13  9 13 10 18 11 12 12 21 13 21
 14 20 15 15 16 13 17 19 18 35 19 15 20 13 21 12 22 12 23 12 24 16 25 19 26 35
 27 30 28 20 29 10 30 21 31 19
1971/11
  1 26  2 42  3 33  4 15  5 33  6 13  7 15  8 20  9 13 10 14 11 14 12 15 13 33
 14 13 15 11 16 14 17 22 18 13 19 18 20 15 21 26 22 19 23 14 24 14 25 38 26 35
 27 35 28 12 29 11 30 18
1971/12
  1  9  2  9  3 18  4 11  5 26  6 12  7 18  8  9  9 23 10 38 11 18 12 13 13 19
 14 12 15 18 16 22 17 19 18 16 19 26 20 36 21 18 22 16 23 26 24 28 25 23 26 21
 27 24 28 20 29 31 30 27 31 19
1972/1
  1 27  2 40  3 26  4 15  5 35  6 27  7 13  8 25  9 46 10 27 11 46 12 37 13 35
 14 10 15 12 16 15 17 19 18 27 19 21 20 18 21 30 22 27 23 30 24 40 25 28 26 21
 27 14 28 28 29 27 30 15 31 13
1972/2
  1 21  2 19  3 30  4 20  5 24  6 14  7 24  8 19  9 40 10 13 11 15 12 32 13 21
 14 34 15 26 16 36 17 26 18 21 19 26 20 13 21 37 22 35 23 31 24 27 25 15 26 19
 27 25 28 27 29 24
1972/3
  1 20  2 31  3 43  4 12  5 33  6 37  7 38  8 24  9 21 10 20 11 16 12 22 13 12
 14 28 15 18 16 28 17 35 18 19 19 27 20 30 21 13 22 23 23 28 24 23 25 18 26 25
 27 22 28 16 29 12 30 14 31 19
1972/4
  1 25  2 30  3 19  4 15  5 13  6 42  7 22  8 24  9 19 10 27 11 25 12 34 13 26
 14 19 15 22 16 31 17 31 18 20 19 15 20 19 21 26 22 32 23 11 24 30 25 33 26 31
 27 31 28 12 29 11 30 27
1972/5
  1 36  2 12  3 18  4 13  5 19  6 22  7 19  8 20  9 24 10 27 11 23 12 27 13 37
 14 15 15 19 16 22 17 32 18 32 19 39 20 23 21 23 22 27 23 26 24 18 25 32 26 23
 27 23 28 20 29 18 30 14 31 16
1972/6
  1 18  2 20  3 37  4 24  5 32  6 21  7 14  8 19  9 22 10 27 11 30 12 24 13 33
 14 20 15 22 16 27 17 20 18 26 19 25 20 23 21 24 22 32 23 37 24 19 25 18 26 20
 27 23 28 11 29 32 30 27
1972/7
  1 28  2 19  3 16  4 14  5 16  6 33  7 23  8 19  9 27 10 28 11 28 12 15 13 24
 14 28 15 19 16 30 17 27 18 30 19 32 20 19 21 19 22 19 23 22 24 24 25 20 26 31
 27 26 28 16 29 14 30 19 31 25
1972/8
  1 19  2 39  3 19  4 19  5 32  6 14  7 13  8 28  9 12 10 40 11 20 12 20 13 24
 14 26 15 35 16 46 17 40 18 19 19 27 20 22 21 25 22 15 23 24 24 21 25 14 26 15
 27 27 28 10 29 15 30 19 31 20
1972/9
  1 18  2 19  3 21  4 19  5 15  6 20  7 19  8 23  9 19 10 32 11 23 12 14 13 14
 14 18 15 19 16 27 17 13 18 12 19 21 20 15 21 27 22 15 23 15 24 16 25 12 26 19
 27 19 28 23 29 22 30 12
1972/10
  1 13  2 24  3 12  4 14  5 19  6 12  7 15  8 11  9 16 10 15 11 23 12 12 13 20
 14 20 15 21 16 20 17 26 18 21 19 15 20 16 21 21 22 31 23 13 24 20 25 16 26 14
 27 15 28 12 29 28 30 16 31 10
1972/11
  1 26  2 14  3 16  4 14  5 16  6 11  7 12  8 22  9 28 10 10 11 12 12 19 13 18
 14  7 15 10 16 11 17  9 18  7 19 16 20 10 21 10 22 15 23 14 24 28 25 24 26 40
 27 16 28 15 29 34 30 31
1972/12
  1 35  2 25  3 19  4 32  5 13  6 10  7 10  8 12  9 15 10  9 11 12 12 12 13 14
 14 13 15 22 16 18 17 16 18 23 19 25 20 15 21 16 22 30 23 18 24 19 25 21 26 21
 27 19 28 15 29 28 30 12 31 15
1973/1
  1 11  2 12  3 15  4  8  5 10  6 10  7  8  8 11  9  9 10 13 11 16 12 27 13 30
 14 27 15 15 16 19 17 19 18 20 19 25 20 32 21 25 22 24 23 20 24 15 25 14 26 31
 27 35 28 16 29 19 30 13 31 15
1973/2
  1 15  2 15  3 14  4 21  5 12  6 13  7 19  8 10  9 15 10 19 11 22 12 18 13 13
 14 10 15 19 16 12 17 14 18 22 19 22 20 20 21 21 22 11 23 13 24 15 25 14 26 14
 27 15 28 16
1973/3
  1 16  2 28  3 18  4 13  5 13  6 16  7 15  8 21  9 34 10 20 11 25 12 24 13 45
 14 37 15 26 16 16 17 15 18 19 19 14 20 24 21 27 22 15 23 28 24 31 25 19 26 15
 27 18 28 19 29 13 30 13 31 20
1973/4
  1 25  2 28  3 31  4 19  5 18  6 25  7 27  8 28  9 20 10 14 11 12 12 18 13 16
 14 28 15 24 16 21 17 16 18 28 19 31 20 28 21 19 22 23 23 13 24 26 25 16 26 13
 27 19 28 30 29 19 30 22
1973/5
  1 22  2 11  3 14  4 18  5 26  6 31  7 13  8 25  9 35 10 15 11 19 12 15 13 19
 14 15 15 14 16 20 17 16 18 20 19 27 20 25 21 35 22 13 23 24 24 16 25 14 26 28
 27 40 28 19 29 18 30 19 31 22
1973/6
  1 28  2 28  3 27  4 20  5 15  6 19  7 13  8 16  9 21 10 28 11 20 12 26 13 30
 14 30 15 28 16 24 17 30 18 38 19 18 20 14 21 15 22 18 23 15 24 19 25 19 26 16
 27 12 28 32 29 19 30 18
1973/7
  1 19  2 20  3 20  4 24  5 19  6 19  7 37  8 21  9 37 10 18 11 27 12 34 13 28
 14 13 15 26 16 19 17 22 18 21 19 24 20 19 21 25 22 27 23 14 24 47 25 13 26 12
 27 15 28 22 29 21 30 21 31 24
1973/8
  1 19  2 10  3 26  4 21  5 23  6 32  7 37  8 15  9 15 10 21 11 45 12 19 13 16
 14 19 15 14 16 16 17 25 18 20 19 18 20 20 21 36 22 18 23 24 24 27 25 30 26 28
 27 20 28 23 29 18 30 14 31 22
1973/9
  1 20  2 23  3 16  4 15  5 13  6 21  7 26  8 25  9 19 10 10 11 18 12 19 13 18
 14 27 15 20 16 23 17 11 18 10 19 13 20 19 21 18 22 23 23 30 24 28 25 28 26 26
 27 13 28 24 29 22 30 11
1973/10
  1 15  2 16  3 18  4 11  5 21  6 16  7 16  8 25  9 16 10 12 11 13 12 25 13 21
 14 12 15 14 16 16 17 12 18 15 19 15 20 16 21 18 22 12 23 33 24 35 25 12 26 11
 27 11 28 12 29 37 30 25 31 33
1973/11
  1 33  2 13  3 13  4 12  5 10  6 15  7 18  8 10  9 12 10 21 11 11 12 21 13 25
 14 31 15 23 16 14 17 20 18 13 19 24 20 14 21 16 22 25 23 13 24 14 25 12 26 13
 27 32 28 19 29 12 30 11
1973/12
  1 19  2 28  3 24  4 19  5 19  6 15  7 19  8 33  9 13 10 13 11 15 12 54 13 14
 14 25 15 19 16 24 17 18 18 47 19 11 20 15 21 15 22 14 23 33 24 37 25 30 26 19
 27 25 28 36 29 21 30 14 31  9
1974/1
  1 11  2  9  3 13  4  8  5 12  6 27  7 19  8 15  9  9 10 12 11 11 12 20 13 20
 14 22 15 21 16 16 17 13 18 19 19 28 20 12 21 27 22 16 23 15 24 14 25 11 26 25
 27 13 28 25 29 33 30 27 31 23
1974/2
  1 21  2 23  3 23  4 20  5 37  6 10  7 12  8 21  9 26 10 14 11 24 12 21 13 13
 14 12 15 20 16 21 17 24 18 13 19 13 20 32 21 18 22 32 23 26 24 19 25 16 26 13
 27 33 28 11
1974/3
  1 22  2 37  3 31  4 32  5 18  6 21  7 37  8 31  9 19 10 15 11 18 12 14 13 15
 14 19 15 16 16 13 17 23 18 19 19 25 20 19 21 21 22 32 23 18 24 11 25 19 26 13
 27 19 28 32 29 36 30 25 31 27
1974/4
  1 22  2 28  3 31  4 13  5 18  6 26  7 26  8 25  9 28 10 30 11 32 12 28 13 34
 14 15 15 23 16 12 17 18 18 30 19 38 20 28 21 42 22 20 23 14 24 15 25 22 26 30
 27 23 28 30 29 13 30 18
1974/5
  1 18  2 36  3 28  4 14  5 19  6 15  7 13  8 30  9 27 10 38 11 19 12 28 13 23
 14 18 15 20 16 26 17 32 18 21 19 37 20 33 21 25 22 15 23 28 24 25 25 24 26 13
 27 32 28 27 29 33 30 26 31 18
1974/6
  1 26  2 28  3 24  4 32  5 24  6 27  7 35  8 46  9 19 10 15 11 22 12 36 13 47
 14 13 15 20 16 32 17 42 18 21 19 21 20 27 21 23 22 19 23 31 24 18 25 21 26 36
 27 32 28 22 29 20 30 24
1974/7
  1 28  2 21  3 20  4 14  5 28  6 36  7 27  8 22  9 15 10 31 11 37 12 26 13 15
 14 24 15 24 16 18 17 37 18 25 19 14 20 23 21 27 22 16 23 21 24 24 25 12 26 21
 27 28 28 30 29 20 30 21 31 39
1974/8
  1 18  2 19  3 12  4 21  5 15  6 28  7 30  8 18  9 36 10 19 11 16 12 35 13 21
 14 18 15 19 16 13 17 36 18 27 19 33 20 19 21 15 22 21 23 25 24 14 25 10 26 18
 27 16 28 19 29 19 30 18 31 20
1974/9
  1 19  2 18  3 11  4 14  5 44  6 14  7 15  8 27  9 21 10 22 11 34 12 20 13 10
 14 11 15 15 16 14 17 11 18 13 19 25 20 24 21 14 22 16 23 11 24 19 25 14 26 18
 27 24 28 15 29 14 30 16
1974/10
  1 10  2 19  3 25  4 26  5 20  6 13  7  9  8 13  9 13 10 21 11 21 12 11 13 22
 14 16 15 15 16 13 17 14 18  9 19 12 20 19 21 20 22 19 23 16 24 18 25 12 26 12
 27 10 28 15 29 30 30 27 31 15
1974/11
  1 16  2 13  3 16  4 11  5 12  6 10  7 13  8 15  9 12 10 26 11 14 12 37 13 39
 14 12 15 11 16 13 17 14 18 25 19 31 20 21 21 14 22 14 23 20 24 15 25 36 26 34
 27 15 28 15 29 14 30  8
1974/12
  1 10  2 10  3 11  4 15  5 18  6 13  7 13  8 18  9 18 10 10 11 18 12 31 13 23
 14 30 15 26 16 16 17 16 18 28 19 33 20 28 21 31 22 35 23 22 24 15 25 19 26 19
 27 19 28 15 29 10 30 14 31 19
1975/1
  1 18  2 36  3 35  4 28  5 28  6 30  7 26  8 19  9 22 10 19 11 24 12 22 13 38
 14 28 15 32 16 11 17 32 18 46 19 15 20 47 21 26 22 14 23 20 24 36 25 16 26 30
 27 19 28 35 29 24 30 19 31 18
1975/2
  1 10  2 23  3 11  4 13  5 10  6 13  7 21  8 19  9 14 10 36 11 31 12 26 13 20
 14 18 15 12 16  9 17 18 18 12 19 23 20 32 21 22 22 16 23 42 24 30 25 24 26 21
 27 31 28 33
1975/3
  1 24  2 14  3 26  4 24  5 19  6 26  7 12  8 10  9 20 10 13 11 28 12 10 13 12
 14 19 15 16 16 31 17 25 18 31 19 18 20 24 21 26 22 42 23 32 24 32 25 40 26 37
 27 32 28 13 29 14 30 38 31 33
1975/4
  1 12  2 19  3 16  4 14  5 20  6 16  7 32  8 28  9 19 10 23 11 21 12 16 13 14
 14 15 15 14 16 28 17 36 18 25 19 21 20 19 21 28 22 28 23 16 24 30 25 33 26 38
 27 44 28 44 29 23 30 14
1975/5
  1 18  2 31  3 19  4 25  5 35  6 28  7 19  8 16  9 27 10 25 11 16 12 33 13 13
 14 18 15 22 16 23 17 30 18 21 19 19 20 19 21 14 22 22 23 28 24 13 25 22 26 23
 27 22 28 28 29 27 30 25 31 27
1975/6
  1 19  2 21  3 22  4 15  5 14  6 23  7 30  8 37  9 14 10 15 11 16 12 46 13 33
 14 32 15 26 16 31 17 27 18 26 19 26 20 27 21 22 22 21 23 37 24 28 25 37 26 32
 27 34 28 28 29 21 30 20
1975/7
  1 21  2 22  3 22  4 18  5 47  6 12  7 30  8 20  9 32 10 15 11 18 12 15 13 13
 14 26 15 20 16 26 17 14 18 12 19 24 20 28 21 20 22 28 23 28 24 24 25 19 26 16
 27 20 28 22 29 22 30 34 31 18
1975/8
  1 13  2 21  3 14  4 11  5 13  6 21  7 22  8 14  9 13 10 22 11 18 12 26 13 18
 14 25 15 33 16 26 17 19 18 20 19 18 20 19 21 18 22 12 23 16 24 21 25 13 26 19
 27 31 28 12 29 13 30 13 31 13
1975/9
  1 15  2 31  3 19  4 22  5 18  6 13  7 16  8 12  9 21 10 24 11 22 12 10 13 11
 14 23 15 12 16 23 17 26 18 19 19 15 20 18 21 16 22 13 23 13 24 10 25 12 26 33
 27 14 28 11 29 28 30 19
1975/10
  1 10  2 12  3 14  4 16  5 20  6 19  7 28  8 36  9 13 10 13 11 18 12 30 13 19
 14 28 15 19 16 27 17 11 18 10 19 18 20 22 21 19 22 45 23 19 24 14 25 19 26 14
 27 21 28 12 29 13 30 15 31 20
1975/11
  1 18  2 10  3 19  4 10  5 10  6 28  7 26  8 19  9 18 10 22 11 34 12 25 13 18
 14 14 15 13 16 16 17 18 18 22 19 33 20 15 21 15 22 19 23 34 24 26 25 37 26 19
 27 20 28 34 29 25 30 36
1975/12
  1 35  2 23  3 14  4 13  5 33  6 25  7 13  8 22  9 23 10 16 11 16 12 16 13 21
 14 20 15 30 16 28 17 14 18 12 19 13 20 14 21  5 22 11 23 11 24 10 25 15 26 13
 27 49 28 31 29 13 30 18 31 37
1976/1
  1 15  2 14  3  9  4 12  5 16  6 26  7 12  8 10  9 15 10 21 11 19 12 33 13 33
 14 19 15 38 16 15 17 13 18 28 19 14 20 15 21 14 22 32 23 21 24 20 25 22 26 14
 27 16 28 16 29 24 30 58 31 12
1976/2
  1 32  2 32  3 36  4 26  5 15  6 11  7 37  8 20  9 32 10 23 11 20 12 30 13 30
 14 31 15 31 16 27 17 34 18 37 19 19 20 45 21 19 22 20 23 19 24 28 25 18 26 18
 27 15 28 25 29 19
1976/3
  1 34  2 28  3 11  4 26  5 14  6 12  7  9  8  8  9 19 10 20 11 31 12 26 13 33
 14 21 15 22 16 32 17 28 18 25 19 55 20 42 21 37 22 19 23 32 24 20 25 37 26 22
 27 28 28 24 29 30 30 14 31 14
1976/4
  1 15  2 26  3 15  4 19  5 27  6 22  7 26  8 25  9 32 10 16 11 36 12 38 13 42
 14 28 15 34 16 24 17 32 18 28 19 21 20 16 21 20 22 27 23 34 24 13 25 45 26 33
 27 19 28 19 29 14 30 22
1976/5
  1 14  2 24  3 36  4 19  5 21  6 19  7 24  8 24  9 32 10 22 11 32 12 23 13 33
 14 15 15 25 16 11 17 19 18 31 19 25 20 34 21 21 22 14 23 15 24 20 25 21 26 18
 27 14 28 32 29 32 30 28 31 22
1976/6
  1 24  2 24  3 33  4 33  5 20  6 22  7 25  8 27  9 19 10 27 11 35 12 31 13 21
 14 37 15 12 16 26 17 20 18 13 19 11 20 26 21 21 22 39 23 24 24 25 25 18 26 20
 27 20 28 15 29 16 30 22
1976/7
  1 24  2 23  3 20  4 28  5 28  6 28  7 32  8 14  9 38 10 22 11 20 12 20 13 22
 14 38 15 27 16 15 17 23 18 27 19 22 20 23 21 25 22 24 23 25 24 22 25 34 26 22
 27 28 28 26 29 32 30 19 31 28
1976/8
  1 35  2 18  3 33  4 25  5 15  6 18  7 38  8 26  9 28 10 24 11 34 12 15 13 36
 14 22 15 31 16 16 17 25 18 25 19 15 20 24 21 16 22 22 23 16 24 20 25 18 26 27
 27 22 28 21 29 21 30 34 31 33
1976/9
  1 12  2 13  3 18  4 11  5 19  6 27  7 26  8 16  9 19 10  9 11 16 12 24 13 18
 14 37 15 19 16 11 17 25 18 32 19 15 20 11 21  9 22 27 23 16 24 19 25 18 26 19
 27 12 28  9 29 12 30 13
1976/10
  1 22  2 22  3 28  4 15  5 16  6 32  7 11  8 15  9 14 10 16 11 16 12 12 13 14
 14 23 15 19 16 13 17 33 18 23 19 11 20 13 21 14 22 11 23 22 24 10 25 24 26 24
 27 18 28 14 29 13 30 11 31 11
1976/11
  1 16  2 18  3 11  4 15  5 14  6 16  7 10  8 22  9 20 10 19 11 14 12 19 13 15
 14 26 15 14 16 18 17 18 18 23 19 19 20 30 21 13 22 14 23 13 24 16 25 32 26 34
 27 13 28 19 29 27 30 26
1976/12
  1 14  2 32  3 15  4  9  5 22  6 15  7 27  8 15  9 25 10 18 11 18 12 14 13 14
 14 13 15 16 16 16 17 12 18 18 19 15 20 15 21 19 22 16 23 16 24 24 25 32 26 27
 27 45 28 37 29 27 30 20 31 15
1977/1
  1 10  2 13  3 12  4 14  5 13  6 16  7 26  8 22  9 14 10 14 11 15 12 15 13 30
 14 20 15 28 16 13 17 35 18 28 19 22 20 20 21 10 22 19 23 13 24 19 25 26 26 34
 27 28 28 22 29 21 30 18 31 16
1977/2
  1 18  2 14  3 15  4 21  5 16  6  8  7 13  8 16  9 18 10 12 11 28 12 21 13 31
 14 15 15 14 16 15 17 36 18 27 19 14 20 20 21 14 22 37 23 37 24 31 25 13 26 21
 27 24 28 18
1977/3
  1 19  2 27  3 21  4 22  5 16  6 18  7 16  8 30  9 26 10 42 11 51 12 16 13 28
 14 35 15 21 16 16 17 20 18 24 19 32 20 30 21 21 22 24 23 26 24 16 25 31 26 20
 27 23 28 43 29 37 30 19 31 32
1977/4
  1 25  2 30  3 21  4 35  5 15  6 15  7 11  8 18  9 15 10 42 11 24 12 19 13 23
 14 26 15 27 16 10 17 18 18 28 19 14 20 15 21 14 22 19 23 13 24 28 25 21 26 19
 27 21 28 23 29 36 30 16
1977/5
  1 32  2 22  3 28  4 28  5 30  6 16  7 24  8 25  9 28 10 32 11 26 12 35 13 28
 14 30 15 37 16 28 17 33 18 40 19 26 20 16 21 31 22 23 23 33 24 32 25 28 26 31
 27 16 28 19 29 18 30 21 31 14
1977/6
  1 31  2 25  3 23  4 15  5 24  6 25  7 15  8 24  9 20 10 19 11 20 12 19 13 21
 14 21 15 24 16 14 17 19 18 23 19 28 20 31 21 28 22 38 23 21 24 19 25 16 26 38
 27 19 28 24 29 28 30 26
1977/7
  1 21  2 25  3 27  4 25  5 25  6 21  7 37  8 28  9 38 10 27 11 15 12 20 13 28
 14 24 15 32 16 15 17 20 18 21 19 24 20 27 21 11 22 16 23 32 24 22 25 16 26 16
 27 33 28 12 29 18 30 14 31 21
1977/8
  1 19  2 12  3 21  4 30  5 16  6 12  7 19  8 19  9 18 10 28 11 15 12 15 13 19
 14 18 15 22 16 11 17 14 18 15 19 12 20 24 21 31 22 26 23 23 24 19 25 16 26 30
 27 19 28 21 29 22 30 34 31 19
1977/9
  1 26  2 15  3 30  4 13  5 16  6 19  7 15  8 34  9 18 10 22 11 21 12 32 13 13
 14 22 15 24 16 25 17 19 18 14 19 12 20 19 21 21 22 32 23 49 24 25 25 14 26 25
 27 13 28 12 29 15 30 34
1977/10
  1 24  2 19  3 19  4 14  5 26  6 18  7 40  8 33  9 16 10 26 11 15 12 16 13 13
 14 28 15  9 16 14 17 14 18 11 19 12 20 19 21 18 22  8 23 12 24 18 25 14 26 16
 27 13 28 19 29 13 30 21 31 21
1977/11
  1 10  2 11  3 16  4 14  5 15  6 15  7 28  8 37  9 22 10 15 11 16 12 11 13 22
 14 25 15 27 16 31 17 18 18 19 19 22 20 25 21 15 22 24 23 24 24 36 25 18 26 37
 27 21 28 16 29 33 30 22
1977/12
  1 28  2 36  3 28  4 36  5 22  6 33  7 45  8 18  9 10 10 11 11 19 12 30 13 20
 14 28 15 21 16 35 17 32 18 24 19 32 20 24 21 21 22 43 23 30 24 45 25 12 26 19
 27 15 28 14 29  9 30 13 31 18
1978/1
  1 10  2 16  3 19  4 18  5 16  6 22  7 30  8 15  9  9 10  8 11 12 12 19 13 13
 14 13 15 13 16 11 17  9 18 18 19 11 20  9 21 12 22 13 23 21 24 10 25 32 26 14
 27 13 28 15 29 13 30 12 31 10
1978/2
  1 12  2 24  3 22  4 20  5 15  6 16  7 24  8 10  9 19 10 13 11 11 12 12 13 13
 14 12 15 14 16 11 17 13 18 18 19 28 20 42 21 13 22 19 23 23 24 21 25 12 26 12
 27 12 28 19
1978/3
  1 15  2 19  3 19  4 14  5 19  6 19  7 11  8 12  9 14 10 22 11 15 12 28 13 24
 14 28 15 26 16 30 17 21 18 27 19 15 20 24 21 18 22 16 23 18 24 18 25 18 26 14
 27 16 28 11 29 22 30 15 31 16
1978/4
  1 25  2 20  3 24  4 45  5 38  6 31  7 25  8 20  9 30 10 24 11 19 12 21 13 19
 14 24 15 20 16 31 17 45 18 36 19 15 20 30 21 28 22 36 23 28 24 15 25 19 26 19
 27 37 28 37 29 19 30 13
1978/5
  1 16  2  9  3 28  4 36  5 21  6 12  7 19  8 20  9 13 10 19 11 39 12 40 13 14
 14 21 15 43 16 59 17 34 18 24 19 22 20 22 21 20 22 25 23 33 24 26 25 22 26 19
 27 19 28 26 29 15 30 32 31 13
1978/6
  1 19  2 15  3 24  4 14  5 11  6 19  7 42  8 14  9 19 10 28 11 19 12 21 13 19
 14 13 15 21 16 15 17 18 18 33 19 24 20 20 21 19 22 16 23 25 24 14 25 22 26 30
 27 21 28 14 29 24 30 21
1978/7
  1 16  2 19  3 27  4 22  5 20  6 23  7 19  8 26  9 20 10 31 11 30 12 16 13 25
 14 16 15 26 16 37 17 22 18 15 19 28 20 33 21 28 22 14 23 15 24 14 25 26 26 13
 27 16 28 28 29 27 30 14 31 25
1978/8
  1 46  2 25  3 15  4 10  5 13  6 43  7 16  8 27  9 16 10 21 11 31 12 31 13 25
 14 44 15 21 16 20 17 24 18 18 19 24 20 12 21 15 22 35 23 21 24 20 25 20 26 22
 27 25 28 19 29 32 30 23 31 34
1978/9
  1 18  2 23  3 22  4 16  5 19  6 20  7 33  8 19  9 20 10 28 11 27 12 22 13 13
 14 12 15 13 16 20 17 27 18 27 19 20 20 10 21 11 22 14 23 13 24 19 25 14 26 19
 27 24 28 15 29 20 30 11
1978/10
  1 21  2 21  3 12  4 28  5  9  6 11  7 13  8 21  9 10 10 18 11 25 12 27 13 16
 14 11 15 12 16 12 17 19 18 11 19 15 20 18 21 19 22 27 23 12 24 27 25 19 26 15
 27 13 28 19 29 25 30 13 31 12
1978/11
  1  7  2 13  3 14  4 22  5 19  6 12  7 16  8 20  9 19 10 19 11 12 12 14 13 19
 14 10 15 10 16 10 17 26 18 18 19 13 20  8 21 11 22 20 23 21 24 12 25  9 26 13
 27 14 28 28 29 24 30 26
1978/12
  1 31  2 12  3 15  4 32  5 38  6 15  7 11  8 12  9 13 10 19 11 18 12 21 13 13
 14 18 15 12 16 19 17 11 18 10 19 18 20 28 21 32 22 35 23 26 24 30 25 24 26 14
 27 20 28 20 29 15 30  8 31 11
1979/1
  1 14  2 30  3 13  4 19  5  8  6 11  7 13  8 19  9  7 10 18 11 12 12 22 13 12
 14  9 15 28 16 16 17  9 18 13 19 11 20 14 21 14 22 25 23 14 24 10 25 15 26  8
 27 14 28 18 29 19 30 12 31 16
1979/2
  1 15  2 12  3 23  4 18  5 15  6 13  7 24  8 26  9 27 10 12 11 18 12 13 13 13
 14 23 15 24 16  9 17 32 18 14 19 24 20 28 21 14 22 22 23 14 24 20 25 13 26 14
 27 22 28 16
1979/3
  1 21  2 23  3 10  4 12  5 19  6 18  7 26  8 20  9 12 10 15 11 19 12 28 13 21
 14 14 15 19 16 26 17 24 18 25 19 13 20 11 21 21 22 33 23 12 24 20 25 25 26 19
 27 23 28 21 29 21 30 24 31 28
1979/4
  1 21  2 19  3 12  4 30  5 33  6 11  7 28  8 12  9 35 10 19 11 35 12 16 13 20
 14 14 15 16 16 22 17 27 18 33 19 35 20 21 21 13 22 19 23 18 24 21 25 28 26 21
 27 16 28 27 29 23 30 16
1979/5
  1 22  2 24  3 19  4 13  5 23  6 31  7 28  8 26  9 15 10 13 11 23 12 25 13 24
 14 19 15 20 16 20 17 24 18 12 19 20 20 25 21 13 22 21 23 12 24 15 25 28 26 18
 27 28 28 24 29 27 30 13 31 12
1979/6
  1 19  2 13  3 12  4 12  5 14  6 25  7 18  8 15  9 19 10 18 11 12 12 14 13 13
 14 18 15 25 16 21 17 25 18 20 19 32 20 18 21 11 22 24 23 18 24 14 25 19 26 21
 27 21 28 32 29 37 30 31
1979/7
  1 28  2 24  3 38  4 13  5 23  6 33  7 16  8 12  9 13 10 16 11 14 12 25 13 18
 14 26 15 27 16 36 17 28 18 19 19 18 20 15 21 22 22 31 23 20 24 15 25 27 26 24
 27 24 28 21 29 32 30 37 31 10
1979/8
  1 16  2 24  3 22  4 16  5 19  6 13  7 13  8 37  9 40 10 26 11 21 12 19 13 10
 14 19 15 13 16 28 17 26 18 18 19 28 20 19 21 12 22 13 23 19 24 20 25 21 26 23
 27 19 28 16 29 19 30 37 31 16
1979/9
  1 16  2 13  3 16  4 12  5 13  6 13  7 16  8 18  9 16 10 24 11 23 12 22 13 37
 14 10 15 12 16 13 17 16 18 23 19 25 20 21 21 11 22 15 23 14 24 19 25 18 26 25
 27 14 28  8 29 11 30 22
1979/10
  1 12  2 32  3 13  4 10  5 19  6 11  7 14  8 35  9 14 10 10 11 11 12 14 13 12
 14 22 15 12 16 19 17  8 18 22 19 24 20 27 21 19 22 15 23 12 24  9 25 14 26 19
 27  9 28 12 29 32 30 33 31 25
1979/11
  1 11  2 11  3 12  4 19  5  8  6 12  7  8  8 18  9 12 10 15 11 18 12  8 13 13
 14 11 15 12 16  9 17 10 18 20 19 19 20 30 21 30 22 13 23 14 24 15 25 23 26 14
 27 23 28  9 29 13 30 13
1979/12
  1 19  2 15  3 24  4 27  5 44  6 22  7 13  8  8  9 13 10 22 11 18 12 12 13 21
 14 16 15 33 16 18 17 13 18 15 19 15 20 13 21 16 22 13 23 12 24 12 25 13 26 13
 27 19 28 11 29  9 30 13 31 14
